|V|=25 |C|=25
Truck speed 
5.0 
Drone speed 
10.0 
Location of Depot 
5.334633839497887 8.824459148609867
launch/retrieval locations (V), in format (x,y) 
1.9077072343489294 3.329236143981254
19.497969806002864 13.085314516844146
10.960230786022338 18.760246477550872
18.086629445773532 16.725331022097844
24.449737799915066 11.693821493624517
13.462396760260841 5.121227257444877
12.528011591498448 12.269147227276761
1.8012783339940386 9.309617234626474
6.7109745025467795 11.93502887128971
12.497062520638998 9.147259644514824
16.98074990302351 20.947949857731516
20.093475902609388 19.216187662987732
9.52352832871346 7.849866930316554
1.6484086726476277 14.31563331609885
7.203639982699839 6.901226208267378
22.73983819299034 11.32107331366001
5.334633839497887 8.824459148609867
11.303099045442078 16.434986569493955
23.280150492225545 9.25877707470088
0.6224806887587003 11.477324447285786
15.013722936603063 17.983103062726038
23.75323751034114 10.324795727845865
5.75757197552412 22.66058172910847
13.71224798090076 4.51129048006704
22.72820937216828 18.527971822831606
customer locations (C) and packages mass, in format (x,y,mass) 
10.55935109107851 12.145630717722417 0.15927976102262156
10.661339317123558 3.421902969936272 0.8212624452116215
15.85949671584597 8.588413242608958 1.8695079653765243
13.072655025708633 8.110654241811075 0.9837211159633663
10.37214946098608 7.510472607950994 1.3796652063499266
0.035672014068954816 4.137535011644686 1.6747709512384077
2.306558646168802 10.3725443143313 1.8888234991050867
17.73485984313032 11.203016437568083 1.749184775954651
13.10863991912993 19.37250939535043 0.01642953314169654
17.404011587924224 19.90976751956371 0.9665907174468306
23.886708075073148 13.059753200040298 1.0652133014877387
17.072846359385437 11.515757404081922 0.12764885715926214
1.328217266823939 19.455340038597416 1.245316903819005
7.721317121594929 22.18222379631837 1.3978727283208943
14.814867183084324 16.87296924666969 1.905442348491088
5.878010181436608 20.01197622496159 2.1661613168403315
24.124274988403172 23.477783843304636 0.29474006420628557
23.626205594819847 1.0163952359171446 0.5299905511435048
21.21002202094222 21.89179312175208 1.51606431326229
11.808099907210057 6.914076811278355 0.30469017427852163
21.03691787245993 11.894112485606106 0.5153808649765345
3.277766058697848 19.91902392329756 1.3221839514550429
7.718341432445886 17.93105580688075 0.38990456420228103
11.574909853860426 3.678689298542326 1.79912934804469
18.54618001708667 16.468706473853636 1.971043940057048
