|V|=25 |C|=50
Truck speed 
5.0 
Drone speed 
10.0 
Location of Depot 
24.714338883857863 14.010907802338778
launch/retrieval locations (V), in format (x,y) 
6.527963240794906 6.436728740618635
21.314278264265184 19.472785878004295
2.2097366359951605 3.118786465940937
11.566900365914993 23.541365875811664
3.6117164008352853 0.07318498936967899
2.880156370016901 22.1632587717777
5.299136807918256 9.859491946867447
8.669109928406888 22.77904300612518
17.682161303090798 18.386584658259586
3.5640790007703123 15.39755341637771
4.289200874518959 13.379177386452426
8.980557343003914 1.0785835338222582
24.714338883857863 14.010907802338778
3.4356675513614516 20.756096839944238
4.581270735908236 22.213800669777918
3.1424889359304515 0.3588549957573739
22.375225783071905 23.517822516749934
7.558960158539751 18.389942459573398
17.42744254790414 2.449372552308593
20.507409894255215 7.648230984468249
18.85306197778294 12.228765875279866
15.808169201898659 2.8633568730288994
18.759347668787584 3.7213762727187434
13.54636911074424 4.749072298933746
6.973266751224711 3.032989253686283
customer locations (C) and packages mass, in format (x,y,mass) 
2.993566145330595 23.70845126480212 0.3408290435241594
9.968269946832095 13.890508469604404 0.6669944609732358
22.864960779336247 20.863493802350767 1.083263390328651
17.64537887544512 20.36781128474372 0.593848749268009
2.720986974273992 10.046948219360225 1.4216819836526773
13.372236206875534 11.841438514464128 1.916043122365487
4.505358460290548 17.595077186796175 0.2032886660095439
14.600448204420832 3.0737598775901986 0.7035139304683905
20.773896922342455 10.043251743649106 1.5098376901298585
21.50952863217088 14.251803933162662 1.4080365878441863
23.88132088718311 5.692915911985069 1.9105144573981119
14.16152825727468 1.5116706337056502 1.5510317864052554
9.699888048038135 1.370914667467965 1.8445760398331146
23.69280069768709 21.82638564269297 0.02864836543338386
12.628530635587282 6.433763619780475 0.29862122877033115
6.693691233948579 4.325899364330807 1.9344090912547902
3.0512956201873553 20.159524554965746 1.4031094028891586
19.45763708601715 10.23831700951519 0.3614245071385842
9.444868600462824 8.60000536825476 1.0248492770755988
18.65922404724164 2.4468777014976295 1.1263999111430887
21.61256178989685 6.257699993667296 1.5036617590139052
14.898923266678468 12.36166636708808 1.5050357483191825
10.36640588596575 23.96303579248654 1.7917386422942991
10.756446929901939 2.4220860916222637 2.2661226259195346
2.399793299915687 24.108857758124373 1.2058026621543017
20.269712356682252 24.65238726884463 2.1195664980561815
12.892210403957089 6.940454512031346 1.6610935686415984
12.147875758526066 16.192641045755384 1.8738368968333377
7.709506462706398 19.021711779522963 0.21996226550432688
3.1580737660794056 10.166896487318192 0.496713020693833
17.580901169083788 11.9355464959157 0.5009374053911664
2.3656201351762802 7.977743048816266 1.3803020439898195
2.070623184363965 16.301417965608145 0.6493639506745276
18.989664316382164 12.11063510645332 0.4497920488981083
5.000503659422745 4.551752494134159 2.1669807900386253
3.0286206155413247 14.589992401321286 1.105471342879828
9.483020236198906 23.251083291524036 1.2325164041655785
13.790834101515115 5.085841715415337 1.076340431471346
16.887736549064687 19.883913870036444 1.0649415506309365
13.738058623009264 13.338057195113754 0.5841616344662569
13.62968520320958 20.330227951808137 0.7365184691073984
11.066136322086228 14.185755953509489 1.9858401077273617
20.775926482286362 2.517013189957651 2.1510657687120855
9.860984670362145 7.695094153714466 0.622467884012501
1.6345543622219127 19.885434867510824 1.0584142015231113
12.561757659664941 12.738278018065696 0.4132663896156556
6.087384038441216 14.971685551060155 1.8174047102961004
1.6606884776827617 7.601823032649757 1.5211619696525558
3.581265581472098 15.92702644863197 1.8238777103957635
8.115590220057905 0.5615011433065947 2.1891559825969797
