|V|=50 |C|=25
Truck speed 
5.0 
Drone speed 
10.0 
Location of Depot 
9.80837504915245 16.234565875571725
launch/retrieval locations (V), in format (x,y) 
17.83632452005094 23.836588963073
4.001058495540216 11.677341220190348
5.3607060762058065 0.6533565207538256
12.339778996499607 9.973386479265297
19.641772183918086 1.7691198646597877
7.5308422062239835 4.508750462617764
14.75197349124391 21.930509088988952
3.731624174678974 4.98351801793318
1.8257627588861043 21.799182153715574
22.84908590170022 0.04051936978889947
17.339104582492936 24.469935666589933
19.03408018935231 7.07883356416451
14.192983950823471 2.344038588826647
7.524314123246431 2.2672132898090473
9.520147431013376 8.901593620616307
10.867659449363492 14.951343795939925
0.13485910787115474 5.386235245902876
14.645840189088927 3.7589367845357935
6.292301542575113 7.343528860856513
13.701580569045523 3.9627207364468173
24.229391620517674 18.426106387118804
18.764714393677988 0.4678046395346913
20.733568794573713 23.305035323795106
10.957380464594147 21.477426457772403
9.80837504915245 16.234565875571725
23.693070076875678 24.771834370013877
24.856427726083805 17.079689284172083
5.2388199559767505 17.78837199927169
13.129234593156047 4.206360481609209
22.52938887747635 22.89710093628878
18.8337148721562 6.336046411168944
16.996568307357133 9.899992662317175
16.695059565128403 21.13836541323136
9.94448974301379 19.92754453171052
17.073339207486356 13.826515389796448
0.9459314467414298 3.9246568881501824
1.7100654995580027 21.833690761113917
0.35281586856836245 1.6782089658539556
2.168264821934618 21.629293529287263
18.883155313243154 18.288086114357522
20.902763987777497 20.061269305544972
5.269064094267778 4.483240017871121
18.94224876733533 22.69467727250519
3.877953936055742 10.33367423580158
6.184827916032121 22.974203117899048
20.32332083443233 16.548738199178693
21.985946985148455 24.31031396077164
6.241187789941726 23.237811375968107
0.9301790922025349 0.21913787409283125
22.16019751686753 12.52096609374796
customer locations (C) and packages mass, in format (x,y,mass) 
15.191748211926937 16.27225086583301 1.484615051016806
24.758565401310037 12.693446815059595 1.3004748515826017
22.504433967048886 11.399579071632537 0.11145825340297741
15.081514694552054 21.24083295568373 1.0308350238294757
23.124247361892895 22.40927183793133 0.9961855704962475
23.76926421129881 0.4053956629458788 1.801007701452549
20.300898836964826 13.390018318305591 0.827024993849691
3.7780709917664494 10.311436776121944 1.8552800021636926
0.19736037457389888 24.36333514961988 1.7317665035969905
9.779750731990822 17.434369562757272 0.25804203205218335
11.817405887216214 13.927696683675286 0.25618822053951523
15.024288752033813 4.071709096654338 1.5380872399352221
8.747964939006453 24.28529905626798 1.0102729874185588
7.2973492521197585 4.284501066031604 1.7040246385624342
12.031402953838219 14.472855816507103 0.49914278560714403
0.28247612954455104 2.2969422522386624 1.6711350535299012
11.599065188873295 3.603533072046594 0.4803160662247312
11.485959603285032 5.501295009384755 0.4343364918286537
1.220187398407746 23.811669633294876 1.9525817326393031
2.6540523169303833 16.104196106046473 1.949144934937891
1.0409028693133786 16.985613324571002 1.3210733690747105
2.4355669372598254 0.7751444734021729 2.2716201551894235
6.706580179022431 19.388705028172172 2.238664695613393
15.641141525473618 14.349028075539438 1.62070488671106
19.331860643778704 19.509281204158874 1.677482768339162
