|V|=50 |C|=25
Truck speed 
5.0 
Drone speed 
10.0 
Location of Depot 
13.67897804036401 6.8695208269705486
launch/retrieval locations (V), in format (x,y) 
13.67897804036401 6.8695208269705486
22.948883293647675 20.411960503780207
24.130717791663535 15.198239965705923
22.92304804242207 6.617360903136937
4.9912663971055675 8.916531214424278
4.887379678968559 12.015069642682047
7.418849585596041 24.438445281516017
4.0099770719262375 17.20734814625257
0.09209662661843754 1.5105606853551001
17.70422301093654 23.789556471775402
0.7211531333500831 11.410897442650478
1.7070732825075123 18.685051022487333
18.34332979809097 20.28645044656804
15.52093294230707 10.367181624317064
23.079420549754193 23.82411969305866
22.72169787007551 2.865187805142641
17.46337349464757 14.219047727500417
15.52958203203577 4.870998849605379
7.11318371426081 10.350096451012512
1.9923449775579387 3.7981030972409373
19.03780591137318 5.615555204355482
13.40322827348553 21.806555791089295
17.092155108639563 2.3631522680046144
0.3611470976709885 0.5590968348821751
9.629529405995472 17.471927983518825
18.373182382223384 19.84808820189014
14.918357151044424 7.8073432205096465
14.14466582147691 3.7943218200276574
18.716933406090273 8.684105235708808
21.660470801897183 21.657710858352715
3.961923069426365 15.1678128298161
4.624932765253914 9.834581523639324
10.725906372796775 11.986867274803489
1.1519091471855454 4.748606486004278
19.85912800985282 14.74744133565984
13.724115180089095 22.262008391716904
13.992109810187902 13.029447977426772
8.331083103371133 9.407350316641727
2.2223718858665698 5.877248193122838
15.996538393598936 23.25413640287308
18.05478641652565 14.718182592143606
23.009492786935766 0.9120908682159284
2.5901750581498657 17.597941629599994
1.9752075257087165 24.555201608629005
23.978773475056258 5.19785897704417
24.471308977517477 14.078743246442926
22.237962567766072 13.460954307432246
19.371149674348935 16.222751922781747
13.316691410590867 9.628377869125924
5.150046355214425 12.106547123260835
customer locations (C) and packages mass, in format (x,y,mass) 
17.205232400081144 6.2694939133239815 0.6495248419079258
9.988511724334739 22.434594769210413 1.8418966325824646
1.9575147773434192 7.692994543881978 2.230027971018373
12.68956576417432 3.9947400360774736 2.0761811323883093
15.68325529266295 20.52122888359306 1.1596793131729335
11.625122548815694 11.027398940088364 1.7540636195441421
5.312137022109445 19.118987255948916 0.6777299887291227
3.6320470546336137 2.3386439402636903 2.0960487111087858
0.7536781506056578 1.2141680181503771 0.7303297868533022
15.591868416969193 4.934363271132868 1.1166657702928666
7.620090887907 10.270505525915318 2.2576416698532253
12.257179819068028 23.002164930162973 1.2080920625373535
2.0067459998483694 7.9829149177330745 0.8148950852360922
20.040554553024972 23.682813190188085 0.5854037727862684
7.265205708381145 11.691883088969728 1.5751231562185868
18.82209289454879 4.956679959816801 1.555118745838009
2.6243226563463145 6.874977389802897 0.9781106037297445
21.70188967424247 18.29668718729981 0.5076398422365719
24.338710512744022 3.758486911806563 1.3821109120177348
20.752149301678227 16.149810484407926 1.7355684858624068
13.275574301873078 16.048389447365793 1.9033909540050273
16.072301151814422 11.892749772619618 1.4560750543687904
15.229267013890968 12.933591217420206 0.0033939491522842475
16.00119860152439 10.89621843764439 0.7392789490280082
16.88316471028203 17.988314870502546 1.998167912349481
