|V|=25 |C|=25
Truck speed 
5.0 
Drone speed 
10.0 
Location of Depot 
1.4338349424370511 18.155322164861868
launch/retrieval locations (V), in format (x,y) 
5.2844397634336016 8.190372140388396
9.940057592458368 11.927321789680542
18.776717191811507 21.406669189722734
19.253816198728206 17.58093647346718
1.4338349424370511 18.155322164861868
6.386291282751522 1.9947615546307196
24.076842285891804 1.3199898039884723
14.219297196359559 17.23615705616473
14.458407664921008 14.318059125605377
6.387715754076109 4.275179512219815
11.268760771409694 0.1098755786096417
6.779144637791959 5.884097897224358
3.4386377236281964 15.572737198155407
7.121506102985206 9.059981866648334
13.937983693719936 16.26080194373035
13.088872607612501 3.828651621077178
13.112328523348907 16.211627632059205
8.599821831236387 2.7922365503641853
10.901063553486482 22.393272893798976
21.842695689416875 6.404752294096955
22.999485620294152 0.11377292275352724
22.436036027704112 20.02442180220714
5.876627425261082 8.02088885034357
15.868789772611851 10.229022168944157
19.19364091344789 3.608776845259859
customer locations (C) and packages mass, in format (x,y,mass) 
5.0831317459474255 21.00453535769164 2.0690094151822223
9.973471664433323 6.171104089077698 0.24281260080701658
7.2823447733944615 21.320185589288503 0.5155533640083083
12.63424162811988 2.0189635834466175 0.07078089610167418
6.67867513411749 9.561837643847829 0.9094849355419644
10.927948733010453 2.4871028456342787 1.5969082317844732
0.727810589874181 8.079236803804216 2.1364376312815785
12.583563512614953 7.078994113595599 1.2608718539287513
15.023611181607327 19.032228957588124 0.20088752615903452
22.460322160681727 20.806690091472653 2.0335997348067125
17.890033733294516 8.348194288966951 0.2265400076511423
1.967838194506613 8.479602406616982 0.469056993072074
9.118165949468885 24.117112414544746 0.5062742244472549
18.98091785891197 4.060308938263802 2.0379294633860603
17.95529994148121 11.828055390194555 0.9422245206435873
1.3375569417571453 14.79831660844505 1.9398962458453508
0.705391856302276 16.447155556411523 1.2804132564707038
12.395951848706105 3.838358518345006 1.0990985278000238
11.188191851343888 7.927661892282309 1.8101095202941528
3.431482560284163 3.707189194487681 0.4851580173332723
6.620659288241557 18.923490691366798 0.6247448140091193
8.73873291863491 18.18900678787863 2.0962572835593565
19.679938865124406 20.546003967708593 1.388814895780399
6.48375064019415 10.734695767541707 0.8757486704101685
20.141812884182627 0.4725846986989274 1.4471661994591234
