|V|=25 |C|=50
Truck speed 
5.0 
Drone speed 
10.0 
Location of Depot 
7.62340293971453 18.18104812752107
launch/retrieval locations (V), in format (x,y) 
19.816068887346773 23.85787130230789
6.358949286948579 0.45876392544905165
8.320770083023355 12.493437478917105
10.407287246737864 9.214175494147709
12.635425510767526 19.220565704263763
4.310348801961009 14.757931356425427
21.250263698891022 23.461955753365547
20.495911230287668 23.797708742759497
7.62340293971453 18.18104812752107
24.256845585652965 11.912379131040302
1.4736236768549682 13.347256266311454
3.0550879303538503 22.971628238372798
19.150676233507525 18.400381147047938
6.06368473990449 18.718894083571502
5.215019003838103 23.494577474394767
0.5598808866131927 9.319208553218902
8.225334392867122 20.757853401008017
1.8758937412825694 18.844212863464758
15.943513091101986 9.592372340735631
0.1561074575057747 18.876292770442838
10.915051335311224 2.673213982854483
22.138679189533036 0.4471840237562169
14.116018774870861 21.847596597764777
8.240641164416346 24.42899706510133
2.709417055712188 10.819272349490824
customer locations (C) and packages mass, in format (x,y,mass) 
9.74398588099962 21.574530010549406 2.0941241951785368
5.668685328083997 24.61670899989184 2.2182845552001877
23.420465910971217 12.421169525498557 1.0694950496183044
6.51048033459527 10.080394821968605 0.8388783161996635
16.151594805165686 19.75327027035201 1.3483319864785943
20.389898351571585 4.206601918524921 0.25816375405539405
11.32368735521712 1.7574257922079894 1.2138974839319794
23.946208257966447 17.906042735299955 0.23005485351489427
9.140865048821766 13.661394501088209 0.6329664125804866
19.41364749306129 15.798023933457875 1.7436253659613594
5.356015323962712 0.7214769541636912 1.771786632270011
12.027080755425532 21.585996488384662 1.0973371824749294
17.4677677240076 16.687558668716786 2.2167935997174717
6.321282480856938 2.8020367271226614 0.34899466748608443
20.831303513618828 16.52470633144909 0.7192812508908576
23.50465538762429 24.50112531628382 1.3626768586840416
7.227618987599446 6.432518749148644 1.025476208193984
12.354353499384613 23.595797906869954 1.4911193002181267
0.4210468484891289 23.995250072815804 0.20377542500921098
10.1080451170111 21.038759684934195 1.654183922583077
14.936754603899823 12.217394771538222 0.3745999701651112
4.046612666421695 11.154009287525623 0.6218601433639901
24.443622287056368 9.04726673669773 0.41311637132987905
4.387195706565036 19.647747908586567 1.6569589720585793
12.648404067961783 3.7722218476063136 0.09143103040057105
0.23527926914481134 13.325131378353127 2.2472810520599267
7.453981041338794 13.66498607172215 0.859113935245027
20.09062609009596 23.2796134976852 0.5351202396815931
10.201487278950125 22.71408427961617 0.7504423674033965
21.423488647496566 12.066918953816733 1.1401110791577007
20.486145359718723 14.952885356685089 0.5292770678638474
10.85380650630246 17.671735386042872 1.7520751649152193
3.8970005257461278 13.581467338467867 1.737239803892271
20.24105893203025 7.0839191434414275 1.4469355728680324
23.02246351459852 3.976273888014839 2.0839786621970715
6.096144485090768 14.069921601960225 1.6610928101139693
1.8771766562590635 10.921164801743611 0.36891052463301416
21.110050595745374 6.759276306109816 0.608172106008301
15.206399008870076 8.614063871012483 1.0959853719891177
6.494802859394133 1.0612806642187222 0.7115018089876488
4.308736619784906 13.876350000982798 0.9113686371852624
12.424037434274515 1.906812835146393 1.0914628376186488
23.178160517337595 2.661175726291537 1.8026330514570972
4.178991878626731 19.30249087045539 1.2507297263213102
18.05644014122003 2.7171903103323123 1.926774487262699
6.326733069724383 17.46303127809631 1.3984194374426397
14.792043774805276 12.239009324966588 0.017210874715261313
11.135732338875698 6.080061847923984 2.271699759190453
14.160384982318828 14.27273189288966 0.33769925559555863
3.379518095928516 13.051299040059739 0.909865264552978
