|V|=50 |C|=25
Truck speed 
5.0 
Drone speed 
10.0 
Location of Depot 
5.921125336257252 12.097583992133618
launch/retrieval locations (V), in format (x,y) 
4.1062143298959075 17.5747782479135
22.81150765458596 2.603596413231013
8.530906725610214 24.471851793653695
5.715130848682384 11.199936777627132
10.320509146079454 5.53779585571205
14.182000507290674 15.38612154646274
4.195366131552386 21.764301744715
24.771444722875486 4.326016925288018
20.567392114745513 5.760951646918697
16.635334485478893 5.363071908648992
9.288702608028837 20.464102150289857
8.020736987011995 14.702168437208584
0.6455344638352289 20.7558049516678
24.33516780252706 18.892048755289238
4.204317666006211 0.566363875794737
7.010221759096885 20.34020626604217
11.811503933343307 24.902314013458195
23.07339459907537 4.391452322412179
16.103836496368636 17.54875254683149
2.0306548261996764 13.298574763315072
8.783050140704479 3.8088856553080976
20.48927878236203 3.311214604365667
17.97471594649575 22.771893551891946
5.938586506025809 12.842308283549123
15.174175336153608 12.58191112150363
15.487432525670544 13.261215112342562
8.468518528252325 4.363554836274569
22.63833511646881 1.7795202503312901
18.26139975018063 5.653073768165615
21.176785668570755 12.377507761715803
23.445218950679635 14.225839795703704
18.558564570302728 11.174290940464807
10.241834094966269 2.3503955929234293
23.88896710731778 13.037963237383371
17.94176985877522 4.63885643092811
18.954244313310838 8.995536263892005
15.76981244702542 1.2798999199797767
5.921125336257252 12.097583992133618
13.115735082569655 18.80155258474169
2.9924385236291178 14.902617054406933
23.3448424644565 13.41954264573261
7.793540681091946 24.28447555630848
0.9207357849062209 20.391253866301735
4.714991669946928 12.627660451106085
5.8215844035448745 8.716352659841226
3.5394564778904014 7.273428522339737
5.016826880643857 5.1422550734645665
4.678725586933952 9.072473296730333
14.691662143263606 5.558233354659489
5.873585482236843 21.456906994280683
customer locations (C) and packages mass, in format (x,y,mass) 
17.044762842614997 2.144965491939538 1.4653438803625172
4.426218845005908 7.081497908232892 1.860396851191537
22.70972024193549 2.9101636187758935 1.5845883286177835
3.9635006206494685 14.860837564508056 1.1064710815928935
24.18767746803817 16.7269541108992 0.7929669802127831
9.829484756493736 22.07889913121528 0.9344949855157324
0.8403935449672523 17.34841674609854 2.1419427029747333
12.24799821641335 15.280879745736295 0.5092032538983388
16.021523379068807 21.980866362784308 1.8267982868989887
4.234574198307003 21.253286240779104 0.5846253050339553
18.290984389009882 3.4035665731447478 1.5065727133288487
7.23888771649065 24.894578311917154 0.1580173004375577
10.623894604523928 12.459322653430327 1.6118563999149838
24.662502756817624 16.250032039276746 1.7519713216942752
17.424378977907697 13.47481342164408 1.8386521633380493
10.057070581580055 13.67087818807891 1.4448169050204935
22.766341717403677 3.159719217601584 1.9484371157371747
7.4871851038298995 15.207708569718568 1.2607404900692927
19.60189258983725 11.998599745676675 0.3069519081897251
8.563409968047234 20.24887273434898 0.11679125630278757
20.965277377491393 1.4880997441089228 1.7199607810820667
16.002550285338334 19.81373519725223 1.2653710691389244
11.037969204118825 10.124081130714929 0.5390985676770054
22.90363536765038 19.009579359650267 2.156248170791805
13.41488005580155 20.35964644354741 1.2903309911253473
