|V|=50 |C|=50
Truck speed 
5.0 
Drone speed 
10.0 
Location of Depot 
7.557569194709288 21.16765463091387
launch/retrieval locations (V), in format (x,y) 
4.361496092118408 21.602413257010927
1.4102520698760195 19.278327224153756
6.701311978614443 21.483461297968603
14.863350275724645 5.109630515461349
16.526299972168573 19.826258823309228
17.133530873339147 20.874392184946718
1.1638902095109926 4.0515364647462055
15.81343935464986 13.241106935338602
6.941137244465143 23.734835078082835
8.73212426624764 4.360379944994677
13.584731881038975 12.778952369683495
13.495231190166635 24.871827805182885
12.081690399208544 9.25082451983383
12.199093195310612 13.66413708945352
10.851729159327355 0.8237464876918288
21.053321731000157 23.290096159582014
5.4512394213990065 24.47612064834928
7.557569194709288 21.16765463091387
22.531956809077503 18.2018001667872
12.973538347425222 16.94461539138226
20.808367963521178 3.5036047763620153
22.66572409445896 2.649479394326579
3.2336386952569685 2.181496249181916
5.031908911016231 14.520812355264123
24.498688864106683 11.813576293935963
0.399688322302294 14.179547182018082
14.295703471967048 16.6867726027579
4.926794295566967 4.702523728934926
24.24226181113494 20.971502218804357
16.866519774339476 10.58361184211142
20.586511676642264 15.362422237592064
24.466416245487096 14.323439840441985
20.37349607650347 7.371997823079857
12.542703239937635 15.89745131077078
0.36354607423500773 23.45887770032761
2.854148716316687 21.029820505467267
4.633350588122495 22.475546723660518
2.835015851265224 22.720491699435243
18.879224826008027 21.33369087812024
10.192220278406609 9.599513791189493
1.2973216110912178 2.815685522763162
6.23444865038936 24.487827468859535
1.9025244238291106 12.447570861650503
9.306199094722526 7.008083616723781
10.1670375289238 1.6950124807928595
10.430784662946637 11.39075627197886
20.699674380733864 18.823833487325796
13.839601828859212 0.7839910011394946
13.029172119569242 1.3885683700872065
4.4039486175118405 4.171743190929589
customer locations (C) and packages mass, in format (x,y,mass) 
5.484668592357064 8.138653613292723 0.8230178196558614
14.11917610494113 11.780710111645101 1.764080807475337
23.838149463667072 10.036589141752245 2.1872671808180675
21.74351360972171 21.230808191442442 1.5264906633096658
11.05489654448332 5.140574783996196 0.4873888514775547
3.6760582490009437 14.858620462376509 0.8848828572897091
4.041164523006488 4.584794460203853 0.43948219089944157
15.502081653672201 13.642442686631743 1.878314189065161
18.413274286799645 24.4537551317552 1.791740610119632
5.5910195638666425 21.579663456711256 0.5595453617153985
23.173473111895092 2.6080673580497535 1.7867650754165294
12.310210558293502 4.484706330797625 1.1896043028005738
9.441715059050443 2.947204177147017 0.33646678791471396
9.373187049687878 24.124510425439407 0.4791565555517054
2.5953713734308046 0.9177005981794578 1.320807200769284
21.333420105941308 5.652280271801982 1.6363292018554183
15.933855964665097 24.496479468753055 2.2501865980262465
16.262932706005962 0.9572803596983925 0.5955827745571334
6.007535251391702 0.4047689891764322 0.8366282886177456
9.878791901687334 7.027773065707777 1.175455170700832
15.233573816256415 7.386446348349321 0.01039830350310007
5.239712937956348 10.065605968069718 0.7541624380236897
0.2534136295570699 19.230418752431685 0.31098938252928127
24.205629051682166 7.636652073270414 1.1105176494425162
23.86562406813773 3.024378124391111 1.296025505090372
15.07537609248544 15.619752156188458 0.7967765080078372
7.513625293908047 12.316752541081636 0.12356792557706912
14.190354340888744 7.826652679767812 1.2177833879020254
5.069816067576937 8.317986184149175 1.5754905315182417
4.688190233396655 16.570571075076877 1.1107538886790662
6.386606659038724 18.071872420714445 2.0817679269640545
6.643411951045716 24.78369627046934 1.170129598536623
20.405174294439576 18.702506297548474 0.8591546604545326
22.607055831155343 16.76279680229837 0.1395013354570983
10.573865167973482 10.594767132594226 2.0654504785126186
3.151358459003864 22.295725080643162 0.5459778218116411
5.727299032178607 17.806388254478193 1.9596348944273276
3.14042908764266 15.744001855019283 1.1116092369961057
12.741792882753483 23.88998900078045 2.134390229831171
9.922643307295157 12.060353060475293 1.5892328110331955
11.713295659551317 23.05859729984819 1.8350316765053147
1.2153942033759386 12.668151591363689 1.1724475851180756
4.411433148253133 20.040733848640887 1.4866662645007678
7.683583299159485 2.0503657118522063 1.8823472517770712
13.49536455474037 11.183725162518268 1.0215029381027043
21.78833571403198 17.35211676281406 1.442803428005095
23.688263427241864 5.911063862195095 0.4374286496490983
12.317291034301128 8.96189535010603 2.19872661460757
0.1868401647114465 22.990859354925313 1.6628731992638697
22.757893267508408 10.030867436886773 1.5059032713299778
