|V|=50 |C|=50
Truck speed 
5.0 
Drone speed 
10.0 
Location of Depot 
22.20187654246114 21.05764104244432
launch/retrieval locations (V), in format (x,y) 
7.050574816584584 15.969243872128173
22.995340928028728 5.181462399111808
23.984137275785084 3.5711874130613412
1.8260207757246627 14.459440072821595
6.7147839078636276 0.5015073050835039
14.81636898961193 11.895641218390354
8.696458690370795 3.37000921630384
7.276611612304529 24.3058524241726
0.11508073138778996 2.5287975644122858
15.597927367574254 14.149534339836197
18.19913193861172 13.591821080048433
1.696825729803328 22.278196783512943
8.802921422144305 2.0095797715609653
11.601761278068384 2.6648523052126674
17.39776263296312 7.827375707330872
9.370285868539211 20.110512720898118
14.979616648300068 16.895337979143843
2.5977609857324806 2.769329886899577
16.43449202845031 7.400541636731095
2.0108433018005076 24.584184311051622
8.3381157307625 9.567824761850424
14.000392587160881 6.30779961309369
3.9273713926723963 9.557198962022936
0.37024901816187783 18.94386737536788
20.220172186334914 5.027781924826888
10.147214513354367 12.771419800184782
6.919515916785551 6.884627689196626
6.416685931257351 16.76549733107304
24.522723610871573 13.663718976149994
12.694433449025908 4.087032878048024
15.165410245918112 9.410666489912517
7.722111204484911 10.825727832640187
11.206707936716901 14.071289593731462
0.12071519850932466 3.5829806810661835
17.97860943746617 24.10646247842773
23.89116345524698 23.04570801535476
2.414888398362114 4.810278695194778
19.362760606784597 0.7938921333854126
2.4633483857181506 19.37015826071051
24.687331373795406 3.5428220452578847
10.432708140231542 18.64035793827434
22.20187654246114 21.05764104244432
6.8825783416864486 12.85224800465594
23.25073446859507 20.449662679302552
16.292700823721763 10.187068712247852
24.215667358273166 20.534257689862027
16.115162801904805 16.381700860647644
6.127289036507799 18.368961973721344
3.7716288564645066 7.055538951872331
0.7712049516575142 1.2459290924214357
customer locations (C) and packages mass, in format (x,y,mass) 
13.447442538244816 7.053372754092621 1.5406581431879538
12.813693394711803 9.653972807301777 2.0895436199632873
22.433892398271063 4.049018390400932 1.205945572170655
17.521673807303394 22.58526087898584 1.631204684581481
18.281369698529122 1.0067948458207687 0.30537093081428507
18.040682308878182 12.348500576278276 1.7961811358482274
19.731450004818747 10.541635799715682 1.1844805172762596
19.295684812824927 18.76807878376517 0.5494863456700444
7.8132426176779015 11.122145130734845 1.9743359019418083
24.402693937729786 13.12473027931396 0.7580493382660449
1.0323809441353164 18.955650116316594 0.34980819980932065
12.088458789801962 22.133232254657518 0.04226745328638334
24.45563233268829 15.969368358459246 0.8402139833334027
20.618729925619895 14.672857109134279 0.8252529839690917
13.015494395398958 18.274306944474596 0.1657492145759614
4.42245259448322 14.054285456277674 1.1344674636581178
6.337859357177761 2.9337681262334545 1.0977989717411156
9.783238762041895 6.259272246112313 0.09416178719813913
15.572101917638886 15.021141503125277 0.9944716654551118
16.788178199071137 21.323833723296328 0.2967674349376025
4.005921444994379 7.926728778796918 1.159447223329101
13.933875020074524 18.570942359859437 1.6478325374212839
23.006213165997597 20.815868566874602 1.5449798275245648
5.777654764134893 3.874957751276234 0.12165503912665648
19.210306301075104 22.604255288554082 1.5747933313551756
10.31991317412749 12.446102198953943 0.29868041421480707
7.049249676853756 12.42202365626881 0.662744842329683
17.267036562340884 13.998210531998511 1.8642777725745578
6.5791324584950575 11.425855991457464 1.787334547474607
13.948272344522572 19.73094679269383 0.35439456072908176
21.168764597483598 9.419592993864892 1.3565548323522114
18.372140871049915 9.482275025046816 0.8657525117188447
2.56027132611234 9.336618533438468 0.7997302087763287
1.9984952723097886 11.052860988118832 1.005252363218112
11.030938863478774 23.21261379851544 2.2317943518413395
13.323482626340235 9.726379161400608 0.209691613986627
9.6645901736904 3.0572462569923187 0.2680869752374549
17.298318641357472 22.135181812507714 0.29071362267130507
24.042724401427922 11.891876816443087 0.3212005630914491
23.569816542129942 9.103176274352615 1.1609029790509109
0.9572098792855088 19.59439710246929 0.846091871827492
21.05516639004145 23.864969489338506 0.7395963866140197
5.59226649961109 16.478382818798273 2.2332008964606764
17.73228064182899 8.542964923547538 0.9143487197954226
24.022937940678258 14.525762304447836 1.123904245232245
14.153386427529677 20.287067851914475 0.7018110467209177
23.116852889827342 0.7322315021403153 0.8729504511962075
8.206909437710252 14.3625283651195 0.34382995434110414
3.6632495083331467 19.04338903399561 1.5636111019702763
6.640446418609894 12.039516842816674 2.132493574546899
