|V|=25 |C|=50
Truck speed 
5.0 
Drone speed 
10.0 
Location of Depot 
10.551746146198237 20.95441209559901
launch/retrieval locations (V), in format (x,y) 
7.019795825342862 12.399873262697438
19.165248691632446 4.228113975887293
10.119186964721344 1.3735965428261747
13.79853773369695 5.307812645324497
6.109903076044623 19.536502896961856
6.457844987920408 19.578569280295067
22.059996273210995 5.835419353103067
17.094072882395984 18.954325999588043
15.34864810927233 23.41983000527246
10.551746146198237 20.95441209559901
6.46934557862976 10.2923741531178
6.513297952782057 8.541793436541232
8.328402062523343 9.8249596076405
18.889559973651856 23.198829576095147
23.508589604211394 20.70793347535151
5.713409219994192 9.01792249546958
20.688516673385127 13.052046986104369
15.27375301772717 24.760365433140475
0.7252919900646249 15.891510764516795
22.74715455143774 17.44872769995206
21.131388046301204 5.669442120805527
8.027256890477485 24.547376129850036
15.09597622035617 7.332747817651006
2.0691693840887315 3.3132162722240093
19.620196663171964 8.442355124030634
customer locations (C) and packages mass, in format (x,y,mass) 
2.250060304817872 4.868210629197511 1.6509981011663957
12.530709283467633 9.188854931233772 1.672957888977018
10.61355600680136 0.9805170535909569 1.1742894357064753
23.205212876545545 6.8258521245945 2.1156818394269834
4.839109365768785 17.361302811378128 0.2943545374368347
6.893411095684127 14.719625791674988 1.1350261710806664
23.60615157597935 1.55294084601878 1.9118861543857997
14.532071884383798 20.905293252624286 0.9216175645412225
2.9436149076735973 6.652642455407845 1.6714783859024784
17.56549307465648 2.7602485432776436 0.9586343733780258
21.885934981109205 7.672668580042566 0.07184464064495188
8.954251451175175 18.26151155035025 0.5791687340828768
14.70383984266288 23.407034651840682 1.058249799717266
22.957575891756623 17.24889293896249 1.7154916021300273
12.839084382911988 5.50030791501836 0.06190374927470144
18.786010583037466 12.699553791066418 0.3671804133553605
16.45989464565666 13.721199747688415 0.6955736861130524
19.93075038663477 15.997165602634428 1.4298813855089432
6.731897070814355 1.7889568721914357 1.023809864163922
9.223498220254593 14.460964578548948 0.4726625125199696
21.914241905345374 2.824038548143079 1.4264688933874972
9.83323303416818 6.922086021536139 1.683720533866373
5.608858405065531 2.3063896527866836 0.3470912991231477
9.961915746521727 0.9475892909733691 0.1955000254944931
21.383295558758686 11.79901388277998 2.2022563846738095
24.6051901418451 6.919217745543682 1.8374860969523856
18.435031068851735 11.070338982875983 1.272466837822918
9.168094134883445 14.59144843908553 1.2682085375191268
17.585706975825538 3.863594025209016 1.9270027602300084
19.583695062436387 5.349837046703793 1.3407270883314861
8.309224680296035 18.687847702151267 2.218372864350253
13.756859349166122 12.794991158536032 1.7254046235297897
7.758285142943722 3.737576832910622 2.056561744253803
19.980617820355196 21.540527057131865 1.0907409890056563
0.06726183900232219 19.028262475661197 0.8457008865909744
0.8665026831586403 22.500726012575242 1.229350454068284
22.763897237402333 16.765421178006896 1.9987857380415148
8.530219820915 4.192061008295791 2.226776015346588
12.62693313037993 0.01870135915529314 1.6694567767722985
4.470969492767024 14.516891383463152 0.3953805806126596
5.4774419086919295 10.365985506706465 2.0093227777656995
5.829590457452424 17.317938087238062 1.9666776165008
18.633906541659133 0.917240012365958 1.6603852779202484
23.302063800780594 4.141919060619504 1.2484001602213972
23.42683596822233 0.9027603970963471 1.2536554358934964
23.352008875411663 0.7473905929662988 1.7501649234800227
9.384001002321508 18.220326185844176 1.2635001044809488
13.03543529768688 10.286977360095866 0.8335161562416645
11.267654347182129 21.42636607636675 2.0562496992376067
13.89453175930569 8.401815628718994 0.0550579307774193
