|V|=25 |C|=25
Truck speed 
5.0 
Drone speed 
10.0 
Location of Depot 
0.12680099112606924 2.1671155432603033
launch/retrieval locations (V), in format (x,y) 
2.0552525164326845 0.7292593553106602
9.959426928126328 24.646938476012537
0.12680099112606924 2.1671155432603033
11.934618771898538 15.516204221586282
6.642511539402077 1.8232226165056016
24.97145281562358 10.025213259758218
1.5861745867154804 12.599278841985093
14.552663702975979 0.8611342589107757
24.048404342000403 13.924553351394808
23.511936858337215 23.905625343768428
2.440591596195679 16.494825845667236
24.689360892384148 22.313093578779828
24.692800012579045 20.138732210031097
12.049832847152885 18.48235580927945
19.514537177031396 22.44970230157024
18.245229203967366 21.987085334502883
19.548995553017914 24.954693141710884
8.343819393739546 4.233787601364986
13.503886559458135 8.30444072305337
8.354702692844501 9.92431788172183
19.19753518731324 20.884381032586294
0.0408007646345826 24.681373675125464
13.151139373909038 23.288242876965477
0.5699067948489095 5.629096731688421
7.404351883468954 2.937405192981013
customer locations (C) and packages mass, in format (x,y,mass) 
17.557802780720998 10.383049090329378 1.6790525156978033
9.068222208174467 22.452171557399183 1.7894378835281983
21.99446471792939 1.6289993863304542 0.5723756576538325
11.542910609136193 23.32869389974544 1.5934001751864906
11.212003781512452 16.87077850308811 0.1394828107661596
5.5216822037638895 6.670124773016465 1.209459300114096
18.811630895862955 22.85343511397565 2.1537248796505466
5.5012042399789465 4.174633049641216 0.27099424682571754
9.208929893547385 7.848989100634232 1.8320257463380287
19.30797320275522 3.402234518568656 0.3738275687963035
5.8739237743500095 21.38660978256096 0.13775278756806147
8.109307707973171 21.686283645120426 1.8702647367572998
1.7603815294700094 4.663462904784882 1.9562398444282094
20.70041302903406 18.616303265909075 1.45497198006604
12.473626912288694 8.132680971971523 0.4222251920814138
15.466989991001553 7.478317314181651 1.8095117419029216
6.317173424162806 15.54570646749939 1.99605391815591
17.116501542930422 15.360337196900886 1.8435621335238352
0.9299691484637496 9.800975783576755 1.498800390035549
6.107537466895479 3.704167946059203 2.2262159291124477
12.208854073082057 9.568356312580912 0.8409309315575878
23.739423120906434 7.882776797975874 0.2523060906628828
13.259889678308287 14.383977409181488 0.89167454821108
8.43375090259432 17.522935956596932 2.10216542868778
23.523048172073878 23.51393553688792 2.252892736468046
