|V|=25 |C|=50
Truck speed 
5.0 
Drone speed 
10.0 
Location of Depot 
5.117059575568109 22.64414427849955
launch/retrieval locations (V), in format (x,y) 
6.1153202702269756 23.317931792514145
0.20647279401330987 7.8465906184471415
5.117059575568109 22.64414427849955
20.351865363145095 1.5833869813211359
6.9500159058026725 12.046371830401947
13.349419109679033 13.803784661068716
7.438130019057692 11.233336573278082
1.6060534914303233 24.462176736452736
10.53646910568846 18.85429098050967
24.808815694568118 11.937403166967481
10.04292403834798 18.316718274707526
8.339814116017333 19.062840723716626
14.324563869413481 2.8053029151431126
8.964049609057609 8.059445709789891
5.901226610901969 8.188243101401468
9.54284562166167 23.58151856933573
22.505747345380403 21.338490690494748
3.5675222952418153 7.5142374965581595
3.276905420868337 24.703712725628908
18.8532100600055 1.8132856572904172
4.691072579006453 8.350210252603363
3.2718896169150744 5.030925488197885
6.0849797355587345 13.01739516061993
22.06639330439191 22.621474609852097
23.507171821672152 19.696561212001402
customer locations (C) and packages mass, in format (x,y,mass) 
0.9317162959598196 24.876490715026137 1.6957695578931011
6.209849130846489 17.401817998956805 1.1853360168606648
19.440441154519256 17.265136463612265 0.34438822797136587
7.004598623212818 24.70793605629728 0.7519064417255046
20.450335938311223 15.726340310324385 0.24092275630998874
15.565374022512218 0.07109877190191183 0.5215113969677602
17.42983250579461 16.906534165988855 0.15152437459604867
17.855581898753137 15.720131559264924 1.5253256397091817
14.421088936900627 18.193914470845154 1.7902223190739182
4.610963770409366 24.367845756516896 1.1898583840583556
20.291986934140695 18.42671502372563 1.5193739788451734
14.093679509377619 24.860921470316335 0.3457353466041298
18.04139600888517 19.699033721917562 2.088482164656375
0.6555210352808261 24.49949862720137 1.3665918389078144
4.539880697840595 10.88115052815125 0.2864290380847413
14.133050560571114 6.155492659934239 1.2284326451798842
20.033241561927635 13.78179111590623 1.05499582177133
9.033957928081476 22.209086595216583 1.9965302614025815
18.781854489077638 21.49099943346433 1.724313205709783
0.03777749189993462 16.748649590801744 0.2235059547435369
1.1159646383112594 10.089685682588101 1.4905045034166302
17.212866057614555 6.87933831103793 0.12271445439588222
24.68306831579422 0.6283278152195149 1.1403623071214726
7.893744003715756 10.43713095705189 1.922434714686045
8.404006193121486 12.580732986592814 0.4331272707679931
8.503407579113365 24.55216326946084 1.4887273862525483
14.49652695394966 14.187720407433769 0.9344404817365445
9.861931375597685 14.464265202611633 0.2646433803974986
9.103623839311572 11.642521126537597 2.0384404738220194
19.180563885282652 0.3635487038699037 1.6553500018989722
0.047433086890899534 7.1668124950306415 0.6142609848820683
21.76640829567449 16.43592394785978 0.46194760378426314
18.526713720538734 17.70445337752344 0.8221516079893094
23.91845685934445 23.761732223990116 1.6435559828577855
21.028634080974022 12.03966560622301 2.10565996832817
19.84296615706722 17.207270771520335 1.185111030065881
7.321856762737319 19.916162429630706 0.007638545755744552
19.519654677544448 18.95929319759374 0.03131384727541476
14.9332316126068 3.143706812285335 0.5631982228881754
8.735901516877117 22.261930521743352 1.8015064954188713
20.24811930733127 18.826464352527363 0.38659895602911787
12.23804558844012 16.735945953425066 1.3253713250989787
24.608429067033263 3.60097837306238 0.06676349944174527
18.042152106328057 23.581494661046136 0.7417855588100993
21.99537915720882 16.998292504667127 1.5186387300014328
22.534835460190713 4.760849939744515 1.5657698346434428
14.624566294504895 14.634710646428362 0.04111148562641263
22.31587840504396 3.705263716831081 0.40437452778370747
14.936417216105852 1.3747639150824054 0.5306560314637202
12.787374262570456 17.791807002701425 0.5892057781753272
