|V|=50 |C|=25
Truck speed 
5.0 
Drone speed 
10.0 
Location of Depot 
12.496291971196898 0.9068381642780066
launch/retrieval locations (V), in format (x,y) 
12.843575042693347 11.74794349555296
24.42585937729689 12.921096144899538
17.710512246056886 13.294653828715012
4.204306488709403 12.763274951631583
19.630389556441706 19.091255378833992
12.496291971196898 0.9068381642780066
2.300389690695423 20.388149390263866
15.189914735925772 14.255789418317901
12.848326885490346 24.880947434772494
2.1558996097637504 7.131425597575588
13.46850849550898 9.611558109711401
23.9893028030112 9.059068741319331
9.910602573100782 14.452719447208143
9.08386502683538 24.218984280790153
24.898095153457934 0.045762457994472094
0.5769231687146853 18.38649540623897
6.13385670454597 11.867572784224082
10.12654683284577 4.6397700343352914
2.8007548660260757 14.829903016015964
9.753327801368142 18.268248473044196
8.90569245500087 8.707421430429472
21.57729050781721 8.942059947482525
7.37113170368478 4.168356614048011
6.621904329835971 12.213005503494518
6.266805176043758 4.815613865733087
2.8200657353180447 19.99820202311285
11.670827622028698 8.05744369886476
20.69660173059942 22.826529877459894
2.3189052925224773 1.3785898959613156
4.4268331828359795 0.9460563949225342
23.766209074661923 0.6325168894698335
4.398742679780199 8.763856270675191
7.637054975239835 3.8770059975588715
24.199328985189354 13.474479675716347
22.08350653621909 10.748250353814875
11.024777571177857 10.640380544514255
17.961364439791545 20.770818110773448
13.230863172835402 23.64667315103483
20.166229076737302 16.345121098914696
10.317344434858002 8.51267314242735
16.460555943160447 15.099309584298734
1.5229386093892212 15.100929200700964
2.3223783381793455 11.473764738356932
9.525446045983497 16.170366230382587
12.721905282560533 19.73593118812712
15.718233014827835 1.3158617815401508
19.225195667247107 3.803830553499626
0.16772808110720183 22.91892858880755
18.174884308798894 12.978680844468137
16.784701398112112 18.365318115950384
customer locations (C) and packages mass, in format (x,y,mass) 
18.450228776717992 2.6914906014925686 1.0170631358277042
12.804902486096893 1.2679824954921899 0.7295164177345027
3.0190994227419496 10.575060015108278 1.0275034730666908
19.67117485522428 7.225923436258494 0.6543498471355715
21.713351886494586 20.87777717829743 2.075447380128914
2.7162777815888886 15.942389696508306 0.8889029500207891
2.693554682447838 4.784740176527544 1.41148251456571
22.761665143085537 11.962972816432988 1.3122631188715326
3.398877348731491 20.12435002231694 1.6997757519116965
10.608769908648158 23.260980457944136 1.9209794684619466
3.1860363751161804 1.5386687593577641 0.4727616352273541
2.0721562165653045 11.930447640553659 0.7926299161299727
1.3508110674304379 8.567136055581534 0.8204514535743878
8.787210694303733 16.52913518635531 0.9045515962046802
3.722039727898485 10.023742177511643 1.3022850081830581
23.069063019682226 22.42724414025103 1.8611127651330486
20.242200246507906 16.755631132388334 1.1648131515162858
22.943230821524946 0.6058147901608774 1.8677016742311194
16.779815332071014 3.7893137188890287 1.2209318022649498
20.005207752269033 21.80147673690316 2.1752623081655913
16.94583410173538 3.322393685297864 0.6194071354789715
4.12676092315904 17.818096537415347 0.17442210632576488
13.674335717219567 12.658105796985634 0.848948906191793
0.8024647537588914 24.131924522355146 1.54727308187421
14.723896934747478 3.287432535166443 1.6695090905130525
