|V|=50 |C|=50
Truck speed 
5.0 
Drone speed 
10.0 
Location of Depot 
12.442341805047697 15.502752867782934
launch/retrieval locations (V), in format (x,y) 
14.445467102894675 3.7780081440475675
12.442341805047697 15.502752867782934
19.292056278626376 5.208282030645265
15.513134449064465 6.39317704480955
1.225924900112585 23.107689419028073
1.5127023391880379 16.939350810128047
12.471574374429977 15.427076553222467
23.113804501264998 11.996150440203223
0.6583248270705583 15.058085202538173
22.97576288444349 24.644526520565773
15.017393067870005 8.939276200526283
4.9782618265540455 8.154039924281776
11.308880741234434 17.525956998832537
5.323788757740741 0.9651171507960771
12.27261413771278 13.277674237193382
17.056891411871895 11.215115013149795
1.743396455940771 21.584172844117003
22.20121049215977 18.7961226012025
18.684676643151686 10.364971516167396
8.36282380104699 4.3580508144629775
11.03015580400414 3.059709993173723
20.211931905824805 4.241301727048802
13.392161918276246 1.3899587088613052
7.80119238284229 16.15068195585332
2.2827968628642807 12.85898479784166
0.8575459868315982 15.573446707719176
16.996852190010483 6.244002747029528
12.125350453509057 0.9162922259927014
6.663928192333687 21.57068753939861
11.291960306170207 10.927011288529501
11.383972078823055 15.641047713628057
20.231388495511524 11.122102657325925
1.460218571553726 16.318149286281287
4.68428863331 19.030516476531748
22.663074031632107 1.189047430114551
7.642631436652963 4.108349628694649
1.8498733606922058 22.424269243150416
24.9386281972738 21.156267977468662
23.57061698925422 24.277630672872817
5.857621804963084 4.452980465455961
10.49114264442598 19.742044173675634
14.987926628489264 11.204373995268963
16.997979971570366 11.662617507014634
0.8557593782798689 9.00184663513478
15.757983597908165 15.493078356704226
6.568154949953897 9.130980630675134
14.07094718752864 5.560282992256077
23.203965935533788 22.712797445314404
22.1749339461373 22.461853402843065
7.314216621862071 7.451664624111712
customer locations (C) and packages mass, in format (x,y,mass) 
13.594463295199322 8.250205045237657 0.13156331089368728
23.86730268264653 11.174869393753875 0.3052123362050952
3.498108498894745 23.258642997954837 0.293292643428887
6.039891774376402 21.750597547651637 1.75006072890261
19.937913131783006 10.048845629639997 2.137509567194662
17.737801650039447 1.9650451939995595 1.330755012907939
15.66688495291661 5.833278376173593 1.0345045677082019
4.86131244995838 17.686513356935667 1.3151515153522144
7.589885085319281 20.429026352975125 0.2474079086600345
22.964171713434002 7.68433555419758 2.0887869033826414
6.483337722045484 16.64577689607902 0.19356085337302478
8.944555623738786 9.214755621730298 0.8123944363147133
11.721839031669013 11.619816338036395 1.380612594700184
10.53987060105438 13.922711159928781 1.3523426520517061
1.9594078648483366 4.028941163475819 0.06478353047553106
11.033017183177538 3.2081127420978794 0.1977254779768857
12.247856699157492 6.485117405273763 0.0006837280255433064
17.390535954527696 5.515615258756138 0.5388213200038812
20.36923382711401 0.07753326937370575 1.1768941592976876
15.307225224193683 2.9476583974643895 0.21163315827200377
8.204036709935394 15.932436868351735 0.9344206335598437
22.152164259685563 9.91443811608013 2.2399097918293216
3.0627259149735186 18.970345593777303 0.23838528643933748
20.57276296902036 9.746676438673848 2.233425495716286
14.548389008769194 15.726162461197681 0.18106534648178305
0.27749391847339266 14.352729695917981 1.1933976897022007
7.433335234952946 2.5959161534543087 1.5021397709610718
8.191093651755029 18.825288829088276 1.5775076189850634
4.458708096507186 1.2537420566203605 0.8074620242994363
1.0841605494516293 9.871899194919365 0.33667671190893383
10.792474644739213 20.85066172461329 1.9016222966852823
9.263625772668863 18.73819697083912 0.8756216302331561
18.991610399968856 14.324675280206886 0.144494967831324
3.6502940172789407 9.806172414939027 0.33491295027979795
24.630963603503936 7.995914934964518 0.43656864932973816
2.800205839181777 22.744652916370452 1.8554422131056747
22.520779133802147 18.760592555125662 0.01941599899191112
15.38391598546511 5.907088362288573 0.18358600665149014
22.786801176423392 6.551060767122808 0.7920246749850247
14.878729486201028 20.809525169985296 0.4881362855252053
19.253657980598128 20.953616872545286 0.5853201148859293
17.118714505238582 24.54687083575559 0.8282131626291668
9.058086255503166 14.704131526884268 0.07353148395788527
24.956029187207527 9.73786491233832 2.2195565759489
18.5383491393323 12.96871714031796 1.7948565770949825
8.13318313734334 7.486362832722271 1.5177408944369073
11.990429847721087 11.2522363580824 2.0436253845086316
0.05332005848922017 16.586060103558513 1.421829732532174
9.540637757080795 1.3540077962684083 0.6227294367757106
5.839623496682159 23.914533030612414 0.6989402160588024
