|V|=50 |C|=50
Truck speed 
5.0 
Drone speed 
10.0 
Location of Depot 
2.656503175362854 22.78286308274084
launch/retrieval locations (V), in format (x,y) 
19.222215902539798 21.710040377320382
8.533846081206045 3.3480371862865788
6.342519333213207 19.320492206822696
15.044564734292932 24.990538902496066
22.210309053238248 3.6782697074568826
5.0828268417271 16.549250310738152
5.1424038873419455 6.429459917691832
17.68310038387411 21.58099797642033
13.292609272872447 0.3071170687444946
3.3214055479500573 24.819820936153832
12.177430333797338 24.181851123190544
20.14457809314952 13.09324231264151
22.894265694308817 11.521507588156455
16.09683402186667 19.423311344164855
22.983921650692952 8.14195989682637
13.28791432441226 22.415050619996215
11.85982198565676 11.009726458422591
6.110445909131385 10.757442601489533
1.6066769279967779 5.300755354921483
2.656503175362854 22.78286308274084
5.97099139815861 18.213962009957356
6.619446992393618 0.3725375433013933
11.459540040136105 20.419184478976344
5.77943852607534 21.719026107907847
22.071937236006985 14.074766556035387
13.518876036183162 12.540320386592605
3.6812562715022783 10.404076951259475
11.00805866646459 2.0124522836969803
3.6820311944246065 17.855909939519226
15.969509735623898 21.58246414766249
15.379081143992968 7.602075524574515
5.513585449359618 16.1493663984277
0.40237372552171247 0.2718801561421652
13.793866642286922 22.018584629439374
0.4752154181071916 4.300846322306592
9.03714179483705 7.819606959259409
23.37759282194204 10.571303023148063
9.532686479064834 4.817680533176319
8.773683404615248 9.380698229238446
11.09084340698779 5.925289486476274
19.323711418237206 16.406065395849573
18.942801396103228 16.4127426688978
18.21914725845414 10.52390808429988
11.839752789071998 19.731832551298826
11.530526478018663 7.40720572187594
9.325080283891849 23.55958933888023
20.587321955538652 8.948327257740829
23.356037508588564 14.199615866282645
11.054482870332086 11.062850867196033
6.028301296640581 12.695563827019132
customer locations (C) and packages mass, in format (x,y,mass) 
23.214954615647702 24.60475006780087 0.35802879740259286
20.65521435901371 23.204595564181187 1.9945223521474382
0.4150928497405587 22.744766114173313 0.07918088026547941
13.729247174047304 18.58094470384106 0.7340020105660513
11.237896322009016 5.457051634882304 1.907943180178433
12.4621858367436 23.66369022139314 0.45347213398092473
21.311003730347974 16.416951055736213 0.2911654438220153
0.6948550903557588 10.712659134572833 0.4362003667568822
24.228384616781113 18.53774163627619 0.368779942148204
10.184393562980265 23.397824764774374 1.4458327513761686
4.266447561079753 16.11212921837924 1.6592826297403538
8.717642876586257 10.740600493869495 1.1770437996554304
14.899296022480653 13.75685015732385 2.2342482830921386
8.374428070339329 24.52482175799868 0.47487464475963104
22.784397137234105 12.55464053475612 0.2195525985103698
14.600953992303598 17.82345016370084 1.1372063707380997
2.3034109790542794 15.602646624691369 1.7415564087325701
21.59804097153478 0.5062227183248391 0.44138611977923875
23.10165818015711 15.03439744558669 0.8595673310699606
16.87740809502147 21.497544640282374 1.4459380124157732
8.170517514161258 1.174094656989391 0.9421892387026676
4.392412126496417 19.294264648349795 1.6858778914898158
14.84394875997558 16.265454206271865 0.559564033143864
13.118237927613622 15.674932411495304 0.8630066811914018
8.807242603403242 7.321151458746314 0.7514864054953296
2.248195981571155 7.156637887059031 1.4959459911375126
7.2858601035872415 6.330398529651618 0.6311130575572332
0.14057682638158875 13.636438001172957 1.7342876111018382
24.666259236588306 4.949877070146558 1.771086606583077
0.7091904692698686 20.494133342760705 2.1973449950484816
21.91697797131138 5.555497834663692 0.3837437027227494
2.086249110584182 13.208142245835287 1.187709447026533
15.303538642415711 2.243723019887081 0.6157677696384634
8.499135951204458 21.82533436620002 1.2792300333529345
13.915017437683266 8.814637661642093 1.439594475620349
13.097130157702527 3.6940444221471274 1.9243138510790552
0.5189711611723047 24.30267079074195 1.6321946145614943
0.6355958008130158 18.639785904582656 1.8100909296498198
18.248186384312437 23.569605875295686 1.8113551344525887
0.654207785446087 17.260477757379316 0.0031321710117051646
15.252591578564326 22.116641197012726 0.3983943967256364
18.447893941406374 13.31687686513246 1.474862872325893
9.161062212486707 2.282002981315834 1.818784671676991
14.589101104054947 24.234204538002775 1.778167467572396
2.520597028045532 13.05235013261348 2.289235862883342
4.185877561016582 6.92846657160795 1.8837003873396334
18.149704127796014 5.544399549281737 0.3934166394615722
11.186031029157167 5.374164946659418 0.04068390494218894
23.941340576124503 0.11244075011221932 1.588806596661757
21.921148362925376 2.0335794526038535 1.668941975475035
