|V|=25 |C|=25
Truck speed 
5.0 
Drone speed 
10.0 
Location of Depot 
9.036626965713415 3.7306237672771694
launch/retrieval locations (V), in format (x,y) 
1.4313389950041917 7.450331230021337
13.932940646699482 22.48939447153312
8.19777748241691 4.1244178877125535
0.8818334078365686 19.446501664182033
18.837962967572942 3.3716157849224215
14.043516401721911 24.03484283594809
22.35363342390539 13.255134652289058
14.956530689295771 1.0792483899380367
8.425856985756699 23.27386694350499
24.630491384488664 8.955638611478047
2.892851265232635 18.285531972502667
1.3150435644697145 13.09270036999371
18.315547736302022 2.3145450786239308
9.271872482237105 2.6514804505139655
9.036626965713415 3.7306237672771694
21.913303912239304 4.030000230421174
8.182341162884665 1.3188948281125823
22.224714922102727 1.1753291258225051
16.09969948079056 23.710707401467964
8.226238597169052 2.282294749740357
1.4883163603116727 12.70879189720974
6.1277338160139525 2.965745509339404
24.210330030421236 5.369696280217765
10.131691005848875 19.076801819527095
4.000836536133195 23.45337052570873
customer locations (C) and packages mass, in format (x,y,mass) 
11.742817368080432 2.5889645090851703 0.06502190357224845
0.14104884797494777 5.299754353324445 1.17885810791519
24.980207534933125 23.379367158606744 1.8234741673202692
1.1943303171483954 7.90117776269571 1.6898948879228115
9.736197600763417 22.324425102249958 0.2488228122973742
13.476417517040899 13.107577187140532 1.915762250087684
22.29333593885548 0.9758287868806337 0.5470336792692685
20.577802791513545 19.82454205834642 1.8579115517987115
15.234666026115603 1.2989223783122394 1.1433963132836253
9.96505727439664 20.673588209099737 0.3698992598157763
20.86196797905667 0.2199777675069875 1.6882935584041177
21.726459657641747 16.852783183666862 1.858199789920153
21.797622683649635 4.142848118652936 1.6074726449676824
17.940910885333714 8.571880953152004 2.2191465797620116
2.4446835994479335 23.818784869883704 0.5891322377736877
7.4644857033599745 12.15583682827133 0.542253352095358
12.148051399686825 16.43565962904644 0.33862921116668016
12.62633418003353 18.518377406537113 1.240634282886511
20.82183531843785 2.7481994134302994 0.9187322914871457
5.945919342573064 20.96989395277445 0.8203227120435188
16.614768888721446 22.84799846806379 1.0587005821432807
9.354997436539852 3.8855163087352236 0.6314471242368691
19.387063830658917 13.655960722369334 0.00979886862963759
4.894358233061355 7.08762807968148 1.0850265843582478
11.91568233482568 18.516168271494728 0.6345343879687368
