|V|=25 |C|=25
Truck speed 
5.0 
Drone speed 
10.0 
Location of Depot 
0.7734931026429137 8.959874408780971
launch/retrieval locations (V), in format (x,y) 
6.956852148664358 23.357211184294645
17.73669593012795 21.041594754120652
19.39532153895641 4.6410443637174055
14.408547559392918 21.839063218241904
3.422622131877451 11.73689131032626
19.964585081876763 24.20546541639291
15.707585946625988 14.951890896193786
16.058426974591832 0.0020912131514144727
13.36639240422387 0.22396969315190696
10.069444804319144 6.741193258655709
20.34572169224518 20.580984485714804
13.167202483490678 13.835928296974176
18.705378762795366 2.0498652967713666
12.914623813228252 12.298628783591473
3.4317017323085035 5.307765173675041
3.013658657339641 1.3519080135672072
0.7734931026429137 8.959874408780971
7.588205310780929 4.591222885146659
3.263918690197412 4.517873853018592
20.203670309997783 13.132495826603844
12.587614048168355 18.640622062502267
14.292739318428321 24.835300105317344
11.481572935138276 17.54320019677453
16.54508296681117 3.600320420862163
13.101008468204734 15.355309901729022
customer locations (C) and packages mass, in format (x,y,mass) 
4.780120070244134 9.432722546865712 0.5510054476782427
8.350532421780155 3.304437082372649 1.0598246817398602
16.002107300847378 23.02146058991734 1.6533968188782904
20.71141366889581 18.15908062333702 2.298403054377875
8.930530109973875 4.419861188560869 0.8353074990361461
5.675672108665977 20.663238807096917 0.7647380029684547
2.719876032689292 23.763069337791936 1.2264859691263177
14.208005428678568 7.032918225440249 2.119334412654895
24.16698639436314 13.460670604018892 2.2851617289007757
13.57666256742666 23.33632344742863 0.6580904072150745
0.8056949124184115 8.32563116094984 1.0806640835270334
7.706903653967623 9.082844148021488 1.5266347137317573
17.968184483873266 4.628616964986229 0.43349055210074444
23.65661504958088 11.492832475631001 0.3886530459689549
3.667355163038649 22.58212082476635 0.7647737769214258
21.5551718541475 24.161661854137005 1.793723765803707
19.416821575652065 3.9720906774168174 0.06079999429733128
10.693089629576624 23.22051936341936 2.1952007793661625
23.40360280947421 4.89667521546906 1.0102713317149319
13.307266399131409 21.95484030692781 1.461254017414294
8.530709890095373 19.894994718429963 0.9953226865356061
10.481031139100585 0.7625911594595192 0.8767232143994915
6.10827869571253 9.313787886563729 0.3577499265753117
10.650489542294986 7.255860079411694 1.821128678920096
16.09583735812251 21.232687582491085 2.0078242514193265
