|V|=50 |C|=25
Truck speed 
5.0 
Drone speed 
10.0 
Location of Depot 
0.1909042569452929 7.883315096057888
launch/retrieval locations (V), in format (x,y) 
23.63085427707091 19.177987732063293
10.730332934782952 4.69120417178655
22.07252884417109 20.73630452146881
6.9943711861370605 7.3691709832126335
8.689046345766283 10.890615484075386
20.739586973449768 24.61658873944606
7.741380509424181 2.239434942788543
19.52553872519326 1.2270796381939786
15.964009748595952 4.8311440262414544
11.28349336958608 11.71920370499955
9.671685315144288 16.04839800705608
6.211340916656599 17.844595539386468
18.077487013584378 10.282561395804107
5.907976818046904 0.6827964266209019
6.902909659475911 7.988608304331516
14.800115013750947 24.454830725970364
17.967338097182335 21.377172801523216
7.871054064198576 23.754914985666403
4.441939314656499 15.483356738561222
9.073442159162578 15.998661507973939
21.151490095959886 7.501923367409952
12.267959495096376 22.48827578578407
22.965320974743058 14.296351797671644
6.228812297485392 6.498859948465063
2.237643071601181 11.91038986057894
18.66586118799311 15.231486851282966
22.08526977802566 11.093285399412146
6.933141134858148 3.9288856676563952
10.805141961186083 21.330146247246688
11.967924817944908 17.343419331394315
1.0516724242064734 14.754659429670921
16.976526717833327 24.393749764333258
4.665709881629546 24.845518072229215
15.850348305699228 24.515789981318978
4.409805674374706 1.039829765131464
23.400345455137955 23.69592101348264
0.1909042569452929 7.883315096057888
15.386529062365154 16.332594733108635
10.666190602240622 24.962592914398883
19.23734504168935 21.97028004259701
2.622359425639584 4.315321655186455
5.023786699743835 12.030897459612694
15.571083016589316 2.3151911104398764
0.5384212779578734 0.4783052915056679
1.3242871651564625 22.34485029347629
6.795659166577509 10.703152219201112
9.10144984048353 8.953890363594288
16.27889994773112 22.460509500348476
2.6138890529586485 12.33775630123583
1.1554588952713467 24.57140374049117
customer locations (C) and packages mass, in format (x,y,mass) 
3.6055824441601825 4.377917572455803 1.7170134871789315
13.690400973458411 16.572615573090722 1.2210682387852128
8.864896618936225 18.290739468680677 2.2161037365525993
0.14411360789062244 11.887836799269907 1.4799994398859675
20.188863773816042 21.041991969336056 0.5173780846825398
10.858375615927883 9.66845013632198 0.18642459123655802
12.099875876286228 15.494596348847347 0.5985801108062647
22.203945081881162 24.509052019301066 0.6703913613022716
1.699715343245109 16.575498258426563 0.3320550683768469
15.737113346273734 11.943259889116964 2.0434217525209957
20.437026702319976 21.44443610547338 1.2879341051658764
13.395383698461105 3.8065926792606035 0.9456456979699249
23.73439494050319 16.694948602178734 2.0720322421172015
2.2103254389439444 20.822451046809977 0.2614087210155198
18.43774646246885 17.25148621868057 0.9145312999360702
21.570542706602353 6.191774365231023 1.0147921568773017
4.2879175116436965 2.540724857708507 0.20350712801631834
5.388971061341438 13.218008494086511 1.6187711294555467
12.482396893414997 5.033264478595223 0.8243823566247451
11.124854360967523 19.31302969761442 0.960986218606823
15.908546586934538 6.019906652726228 0.5574658287485056
19.486939108523703 15.061984082209007 0.7569174279666596
11.459083143631425 23.216304175515106 0.11972648488334722
2.456228654832515 18.886069834638164 1.8585012740398077
6.223081432593672 11.826014721371106 2.038380105752585
