|V|=25 |C|=50
Truck speed 
5.0 
Drone speed 
10.0 
Location of Depot 
5.7336276301379465 9.633934147710695
launch/retrieval locations (V), in format (x,y) 
23.948604663063367 7.307982288951859
6.888513475391986 3.0839666022120737
1.5577716529561692 22.747353625475284
3.5526215154439793 10.0074589364928
7.778020378223996 24.45136820548251
1.004117587903114 16.660668704066854
9.290167977155125 5.244618782487246
14.274897257321099 3.2209665132480247
19.539065355984057 21.405117838627348
21.446420004757933 7.276591121958331
21.68536251688129 1.4151982882800895
23.318776459552367 16.63400341662571
10.488437520341817 0.4698413065871876
19.690577257812528 1.866793195397734
15.73805775500873 18.93708136556011
0.909092732491254 7.150607030081618
4.855923562004996 18.94000904277608
5.248303899194437 14.688658794169296
5.4607004792374045 1.615181921663561
5.432706123733405 23.15779218363595
8.054730238457934 8.195082374090996
5.02340288172935 17.803886454005013
6.1214681415839305 16.01431414976873
5.7336276301379465 9.633934147710695
16.11978311907847 21.847548422615898
customer locations (C) and packages mass, in format (x,y,mass) 
1.6200220723186747 22.18021075036118 1.5484465480615897
7.532192933402021 21.529723821458084 2.092475858634549
23.03916228324008 11.148573159915626 0.8904861934545419
4.980820700793331 13.106417697863618 0.8833158495151908
10.706111709346702 22.166897830833125 0.6265774170551942
21.189762846962303 24.923952623928454 1.8599945433972678
6.406078782190522 6.138766049481747 0.26767788688889993
7.498446867845845 13.919865104942582 2.1350704848680024
5.647209648580576 14.273293544208466 2.1791704755917514
18.28844431154561 13.81837939135294 1.2130189559145474
12.987821980519353 6.636346515179753 1.0083451747947885
10.665773559279929 19.21373435551776 1.0084528147634388
22.15113179929185 14.79550663243032 1.8869456822736939
16.674869063959243 13.725663219853493 2.2170088353452124
3.179598399981148 2.9889044223634254 0.4478024403309929
24.23268666796295 19.634356463505476 1.8380247032799453
16.71896375391433 9.399050230271966 1.920301705132951
20.65670024408116 15.997004367581171 0.9303240947237467
14.124271502544422 10.8074837352876 0.961710441127002
24.413473879316516 0.35950905590298454 0.03410902591133686
9.218021131421326 21.520551790440383 0.6199916009637416
11.281229725252478 13.612012426449352 1.2445326363387155
13.368303815781823 3.337200827089712 1.2695339117674849
7.973393422621128 11.369828356020244 1.646754554508459
12.972375402466755 4.963952510403022 1.8482106930255762
23.11794660570288 22.610455173055605 0.826573825591662
18.788815866559766 11.768490560669132 0.6565483918843168
5.043413186502346 4.863722126695744 0.48230394366687174
19.4589393620453 20.853713030219353 1.0105328503657518
2.1187974319473337 16.58753543227767 0.3802758586727705
4.258324393094812 6.068691026656459 1.4899626320193748
9.97369552181252 15.473603128061116 0.22483096617830564
15.898908222169016 4.7954543777705885 1.5290485851706639
3.7765005615357286 19.38222914812647 0.21116134335507758
14.663073898439594 10.775487864163466 1.852093165593617
14.49518073249099 20.25636121487873 1.9338174782783983
23.500018353840442 2.2800040590552046 1.398207684962754
8.316292368199921 7.454167234902501 2.2285954299005044
23.661969270931024 11.557380461189915 0.8140803085052484
7.101266946443396 22.191527847991637 1.0110467482575896
21.289090738721576 2.5213481250086405 0.488716388989055
16.572831124240643 24.95698682031361 1.318017889388058
15.972414830415286 0.6826853358610274 0.9949025686813907
10.298252896543096 4.871202342703559 2.2551024375683464
2.70080364272916 13.011585913355805 1.344467178077389
11.350737831910035 13.696661130296517 0.0172161933958051
11.559066792026407 12.344818106202727 0.4305342326513728
14.995405196665631 3.549036066431152 1.5755292845626874
1.520698574656426 17.358241904248345 1.9535935350784277
12.151861463194058 18.856459930530058 1.3860785670369578
