|V|=25 |C|=50
Truck speed 
5.0 
Drone speed 
10.0 
Location of Depot 
5.185758030259019 18.419898311621427
launch/retrieval locations (V), in format (x,y) 
21.947071733389105 6.972983074979888
4.751946221129752 6.2746253040815105
11.04257756935969 14.95056759564112
21.27628825969319 21.61556366785426
5.185758030259019 18.419898311621427
2.097629957359831 15.144453541377704
14.568961510850908 12.681881340646214
2.72407744790516 7.495901169599025
0.16417049992713262 6.056513358641091
19.444773025184638 4.079995416825627
18.37090725982432 23.600964781007225
2.635023118455421 11.41891609629116
22.707422959127246 8.035413579385025
10.74638799230175 13.462774468546426
19.758059717086063 19.28802353912759
6.295446636546237 8.221287141365297
19.006797786286814 14.743749331324802
7.528859032312199 7.362143844290159
8.550034712816116 20.228318835733372
17.95016670326897 22.141188298275505
20.203613684489756 1.4225423322478725
22.336365269642833 21.435893875274235
16.530057741763088 4.201028723633468
12.547415742602372 3.5164648468060724
20.20634656520535 1.648152163278449
customer locations (C) and packages mass, in format (x,y,mass) 
16.604981418800026 8.745576589919175 0.9397101462789985
13.130214140087618 10.874967436147143 0.4279130052099377
10.818088305498408 5.1437371043487365 1.9448978520495837
6.051260393567334 7.3630516368472705 0.613666734383466
1.6077227684444 9.825757081676265 0.8511291558840868
0.044729046629976565 18.72949455964792 1.154338931168844
14.676642299631759 1.8405709517204827 0.46003805255388486
13.330996600495887 2.816870033444446 1.4369399482106282
9.709934523426497 10.146103293725867 0.2686469973934051
22.256730181299787 19.75456671194225 0.6103806314659815
8.835721410759856 0.8412623003266839 0.379785241774193
16.018242736995056 8.397036420555573 2.2923503043779805
1.0865576546503108 5.483039092142109 1.0642343934236622
17.219195387824758 12.483681775290831 0.1673772172469597
23.050616319793214 9.564037572895137 1.5008791317924703
21.948155802350453 6.820378985235689 1.3805087363016055
14.789457373392182 1.5318483345087897 0.6619738198781764
16.358485695780672 4.022052078353941 0.07536741552320364
3.184021198001394 15.390880670887322 0.309495795277721
21.70125420253572 14.98651286465535 1.13926483638738
4.919959671064403 17.227156901455746 0.5314857312443497
15.93442973587468 1.7572726339210782 1.4268293837147377
10.668938579830927 0.21605710464137895 1.9684984373526475
21.17020065442309 15.491995948884163 1.049938206650567
0.9408414487731193 4.4374468363393955 0.22451747268657413
14.684261694237133 18.73935975416057 1.937344227156434
11.894941267197348 14.42574272296839 0.11073390383692908
7.9988973761625894 6.617332283242019 0.9004729737097946
14.032066218712917 10.783186624690202 0.8512760937630149
15.915964551779835 10.654150156036488 1.4525337118354846
17.741052243544793 6.105194898453808 1.8808246726329227
1.0185639428547972 21.31411436010336 0.2358029186496736
21.51871436594718 0.04685004967848183 1.0420478768611035
16.511822926633773 6.104971769572925 0.4000716882630099
0.8528865271126701 5.00860849035685 1.5814529400191915
16.422906686144753 22.841536076399464 2.038205495226463
12.902158230340788 20.049391640853795 0.7163934959421409
7.403249266409823 19.861291884866993 1.6204739589689003
19.75475691687307 20.640070436860718 1.2329382729255125
21.650524301463665 4.128083127616761 1.9083859348526933
24.229530993091977 21.741337750993583 2.0485888874710354
21.816776430554597 9.820588244300744 0.9719739565168429
10.082372741800267 6.3655294669565095 0.10434105985205916
7.742758926892329 4.510903780034506 0.19220414215966827
5.271653656769379 7.041257303119719 1.215303149423825
16.471369305589935 13.477477853287306 1.1142748421261914
8.393221705408788 8.834991400178385 0.029488493646927925
6.990875056785678 17.042764260130742 0.21562158467250034
23.104357365568838 0.16511950127759967 1.2867887763520252
1.0882071201707588 11.515168859917136 0.7624565366062528
