|V|=25 |C|=25
Truck speed 
5.0 
Drone speed 
10.0 
Location of Depot 
3.116245421073549 24.28359038353364
launch/retrieval locations (V), in format (x,y) 
14.00759702990954 16.814235217076597
7.1974056841502545 17.9387166966523
3.116245421073549 24.28359038353364
7.209037436431884 22.841091523063554
18.944587430146143 10.331909534461815
5.394765589757192 10.795641260439655
1.3025671550766864 0.5863157616624148
9.501193630404462 10.437474924930426
8.395246853336491 4.4287164370930086
17.42599038493381 3.0042070025930845
13.900020025915854 20.396144309532627
11.81776569248628 0.5453289925708649
24.40186119532355 3.2264412228836385
21.103044394364506 16.60911519870424
3.2038019698018507 14.17962556252245
6.2098664755792425 10.725724221692301
10.484099060644994 20.189550948357535
1.7880850218863098 5.95315686801017
18.953549078121977 5.16548733818886
19.204345673961576 12.842070509643728
7.310616838947167 2.6663315749534595
22.63388546619386 17.226957195875972
13.812101809399415 23.375302394558513
5.590340959724932 20.285602078169617
15.537350560275781 22.030215179003136
customer locations (C) and packages mass, in format (x,y,mass) 
1.8237730511358548 6.695497630430652 2.145335675297597
10.60085848319784 24.821205883340024 1.7815142410060212
22.57350329027049 6.988021201730205 0.35577559467136816
21.034093335058817 11.018684732102606 1.1115423990842406
14.844800278625788 17.443450990652323 1.864881695403319
16.36045629310966 19.953482239312144 1.976903317033405
6.650288151004552 7.916234413674328 1.1959681835163383
6.630809709159713 0.8816876422754943 0.23332714718492945
1.6677915222999273 14.451293718505987 0.5045066031018764
22.548260696153022 14.799666052037438 0.05622136687995241
7.224716511731971 18.239119573344425 0.3811852081291216
24.812539364384797 6.524610966245511 0.1405871526291189
0.17069041866049905 20.518101416346042 1.6100131265851492
19.978084286993628 19.34834134972697 1.6122220457850287
13.145029255526868 21.541284672614466 1.0196257312435515
1.0505318674873143 18.900270185422226 2.0262208784923366
16.579748186035907 16.827915584861287 0.3364617492985879
17.56144501308904 13.852978935115592 0.44621247896193406
17.490405231829655 21.436280459678677 1.4062348690002686
17.398271029330523 5.649049936258652 1.214572184091576
16.954144002458033 16.62524323252061 0.2810281674969542
19.18948689376645 19.802711306269117 2.085754921646417
9.502635122063364 19.3683480978942 1.4302348676457046
23.94279619044422 3.2404244022525535 1.3982897589527934
12.069856621766819 7.8465135055842214 0.8581568806014781
