|V|=25 |C|=25
Truck speed 
5.0 
Drone speed 
10.0 
Location of Depot 
19.49297444555351 18.40952188774753
launch/retrieval locations (V), in format (x,y) 
22.22701577658908 7.302176707204675
16.553487736879312 23.06409755408471
1.2466071050733691 12.191321279899952
20.761872260575068 10.95571174589722
24.211344808355868 10.514414306277375
11.509262208014679 7.674397166987246
9.759175549434367 14.09945810470351
8.807727130862903 4.620460598704707
15.164035124969983 24.429091816950805
4.2430621857157345 20.16392307301226
3.365486684776381 21.33390522176375
24.771027358185993 23.647397867570085
12.525928268319833 17.068216590727122
12.869239793187742 22.546254658706086
7.534861310425215 18.462012954288653
1.1167965775738726 11.854879073808192
1.6130932740450965 0.524123689294001
1.4737919633576428 12.883140806668855
17.57717261928889 13.48721907659512
19.49297444555351 18.40952188774753
23.780798568716406 21.721552995369578
24.516053052003354 15.717297949572357
3.779806542524838 2.179242574844109
0.3776110294310242 2.2903008828086797
17.109731304779388 21.7755338918919
customer locations (C) and packages mass, in format (x,y,mass) 
22.023576322538048 24.793245422139133 0.19573976562920467
10.01447191815842 12.754707008193321 1.4437607528890086
1.7069261939673341 16.92404751507907 1.4012416698528343
2.684192820459408 21.661659794567374 0.2298806847597255
2.8585786539705618 8.497476546291862 1.0581361474217987
22.84257940377583 14.806061035308046 1.0643446546069804
10.159167742090736 7.476043463501695 1.6465217159177967
11.593482865078617 5.383698545087068 0.45228825321930105
20.47574105247629 0.8606646512468924 1.2873543008698565
6.085025725395477 5.892501359997854 2.2823738555980184
13.315992198364796 6.233410776700718 0.036065947500182736
14.456705571368003 18.680261106249503 1.6482478900573867
10.376478262962644 12.906354699772116 0.8042170243419376
3.013320191118213 19.328387025742348 1.11603094927265
10.595266189764029 7.155768186084266 0.6488889519897965
2.8010668294620955 5.323678838871168 1.0581976810310405
7.935289797564319 14.449349414570783 1.1398804819348696
10.008632520919763 6.778431455044642 2.1159640874728503
4.758548369580609 18.84502570133053 2.0085247409763896
24.934262628012593 9.548695397702641 2.1398924337882725
17.246928279423745 7.017701755167577 2.2259606102632037
23.285609175678772 18.83543646746011 0.9075644384957154
23.300708301322977 4.7196098323793905 1.795912552366037
7.173234677381399 18.121384421905937 2.047056033127559
3.6249713459748896 9.745193343118395 0.26915033197647253
