|V|=25 |C|=25
Truck speed 
5.0 
Drone speed 
10.0 
Location of Depot 
14.102492168849043 24.007376478040864
launch/retrieval locations (V), in format (x,y) 
3.35495156636616 10.131553300576037
3.6448615232868686 22.752583438018192
5.0851901310267955 12.55563036728893
18.84128704643119 4.922357525629273
7.394905858863804 11.782985184657074
7.965440312977018 19.973418108311797
14.102492168849043 24.007376478040864
10.406293717122828 20.870085276973256
15.405412380246588 13.339220292857213
12.514268945945453 16.961692108657196
17.686284159079527 3.1277589495620486
24.666042639591364 24.113762831873863
8.637448626135914 15.876628098814349
5.3577376208746585 0.41452761087955037
3.6589844532169904 21.632144328627607
9.875533026699673 3.221889002303613
22.867957364841953 12.306086953179346
5.127812313514915 6.007542163018006
8.900044211667065 8.008966328383943
21.70744386697701 16.806462155783645
21.87402026281539 0.2907555034893622
15.369444350070152 13.054109052709148
18.88337896135874 5.307297477617482
21.70109471473219 21.84762263178878
2.1656721299400354 8.126032334954294
customer locations (C) and packages mass, in format (x,y,mass) 
8.613522056005833 10.901125707999379 2.0907746569870373
10.265486127985596 21.437828905123936 1.6155977820688785
19.704159754361164 6.648161082715867 0.2236772253885272
12.707685832547295 4.114319082278495 1.5328747311895097
18.023957295142782 7.943784501061543 1.1118428868806425
18.811729469273843 24.17904290634042 0.4907741009992325
8.369305486217518 3.4921999050926744 0.0036457700102841438
5.348176520336004 19.688103225421344 0.3716351436411999
12.129815079762796 4.804270390768551 1.7873216665721061
14.443480164401826 5.321698936016405 0.5368132524793751
0.5766584683996351 21.634803199087877 1.0454422800474823
1.798124160847034 14.956337022038301 1.5534040468221852
16.928392492222535 4.70158704547004 2.070726859204188
24.251938396562096 5.478254703534849 1.0030300453624903
23.493445949465926 13.914173685269828 1.603485379267777
6.58594399838078 6.951293526199401 1.695511173019132
21.282399663716912 11.031305987897294 0.18642959447458582
15.44387016969326 20.959852637243433 1.0555139495677017
16.6517951038395 12.089674379207988 0.18213435464695174
20.995577380503107 2.6956935799077817 1.801811547338047
9.654591237682656 13.303339338423703 0.7714704761025978
21.04670482211219 24.153513140162175 2.0731713049368508
20.454208778428836 20.141726857670108 2.193824311785218
3.13228730129973 20.236986322235257 2.115313705898658
14.505068561189411 14.26909557362331 1.9850401602907506
