|V|=50 |C|=25
Truck speed 
5.0 
Drone speed 
10.0 
Location of Depot 
10.901040912960575 20.501295744353452
launch/retrieval locations (V), in format (x,y) 
16.086130525637625 14.261931325463362
19.208810048787907 0.03328601835992928
15.657058110089991 6.787367536903363
1.408344661261482 10.613206037172523
20.883358340119152 9.41497369377769
11.962925667683146 23.059703016175433
23.222369268429553 1.0748864446146533
13.157663426129618 22.3542232179378
23.14082774546988 7.934895493525956
9.955610016941947 11.51973150723309
15.261539885045217 14.180052686973543
23.495361255961846 24.840980626859004
23.57978586454589 13.226500599427988
13.762076081516545 19.580288289249044
6.29447499178036 21.79900018419038
18.525212045068876 24.1704600337019
9.82645521393774 5.893733531790299
8.860103337689903 20.533081022055022
10.724168462294138 18.303406081783713
0.40181508058532434 18.586734669448763
9.015028839870972 20.57789173392228
21.08536441525062 9.189340281613594
9.982908859156058 12.640298007708711
10.901040912960575 20.501295744353452
8.405976680462166 0.07567142957864981
22.655420312854254 11.468152469510095
5.65496016956919 1.698169582871309
13.32109715251396 12.724929953798366
21.849881405646496 14.719556172258908
16.184802826967562 13.20075568562274
20.495184054049396 18.45795044908682
2.797253819324852 10.671687145980965
3.569470231323529 3.661922959222191
12.61812372969672 14.028058422669082
23.56900533739992 22.660044140249394
0.8380035181168366 17.79457668140046
10.89459635948353 11.71028905486777
11.135927735933905 17.908758630278907
24.37524804320431 1.354011473856831
8.01197193962438 9.953669932286099
22.317512829290997 8.809224418209743
20.87720381196418 0.12471251275585904
9.930338420339163 13.243418571299292
24.76715702940926 12.927291330611961
11.912206478987612 6.52291124191372
10.479602984001158 1.9606931391977056
17.444949873503035 24.070080940822084
14.499766181416662 15.068087489488338
23.857355735820544 12.243674705094659
22.59073859020053 12.82626619332724
customer locations (C) and packages mass, in format (x,y,mass) 
13.681177087907745 18.045099427973387 1.6521402684322266
15.210257348648051 20.816098961715458 0.33033990762826027
10.720894933509244 10.519263415698383 2.0480855276855756
6.874448458659793 2.116760674363502 0.5304517621628383
19.653218209936863 20.39078276273309 1.2088115120494818
21.422478329071083 16.818557862729392 1.981189291435757
18.09912722572103 18.55371595892358 0.39398005116471896
1.7428693421824515 24.87432476184835 1.249107741200107
24.956167911168563 19.751740152665814 0.5748756334488099
8.82389085713239 14.488236451438 1.7165889427831598
20.636033445415656 16.2591288459208 0.1996677460891411
18.37254701143135 2.885762044108944 2.2358590152094284
17.356325843990316 3.272678425479811 0.9463776144633382
10.94085022123637 16.7795657439615 1.5389645237425775
13.758200600514009 10.372556506061528 0.9005218189487034
14.227846278733766 17.349979856519106 2.2709925471326966
11.928268640042965 23.597202068636207 1.6850017187490272
17.455025212269167 1.5163207392662832 1.999727437401119
11.916200963582588 3.642410088950754 1.7446996368827645
8.536509020104024 22.943194796544056 1.9897162055108906
16.35362688381063 20.184940089840065 0.7311728290363534
16.85876239717791 12.484497301011372 0.19668073587725723
4.247271228236574 12.905877972431643 0.07904594536708909
5.13113713024714 6.875317094321288 1.6155485638404992
6.636002439324954 0.06223308744350564 0.2437526222673235
