|V|=25 |C|=50
Truck speed 
5.0 
Drone speed 
10.0 
Location of Depot 
22.108962300354992 4.993676220470214
launch/retrieval locations (V), in format (x,y) 
13.133593758577575 10.248088681205832
6.352138138358971 14.5631703958104
4.367431163399349 5.959761773931049
4.125753284236794 5.597526654218365
19.20344441469789 4.414699294720936
6.334411529012623 16.791726558190984
13.707967454703995 0.4467220494484059
21.74873074219872 0.06409998184776222
13.141599637278578 23.82746066944729
15.587784666690391 19.6279619272312
18.49430097450078 11.06621122775622
22.108962300354992 4.993676220470214
15.490995785408282 17.345222815993207
2.844080768995591 18.53726587307596
23.278774794862116 6.262616718368968
23.42311382499273 21.459008419413184
14.149976580810355 5.504364979741855
24.83476272223173 6.335342862601951
20.54660057627058 5.201350069256389
0.17523845762831003 24.864730661839264
20.81116013461573 3.932874167084785
9.09440887005551 12.459951102451164
14.315457168937368 5.51001089112178
16.240319952176893 22.647201650095
14.545408447923547 24.39377290256279
customer locations (C) and packages mass, in format (x,y,mass) 
22.04404303295899 8.53607741945724 1.757231587488907
11.343199694989206 13.076207740586424 1.8487221638074562
0.5361142418336129 16.87857529883969 0.3198242186457034
13.681320413745654 0.22802473399612389 1.5668281670812145
24.409976880051573 19.063087037511732 2.1832378959433814
13.176396918259496 20.801771520656022 0.374859031606245
9.944664338336768 7.410393314465502 0.6420735754767255
20.05264580281325 4.169481972716055 0.8790973436236756
18.52370105312653 1.3680783717830713 2.0663455937290673
10.273624419621955 2.2279941648352066 0.6445247310649742
16.28391818373676 16.153639286595983 1.5713175128773798
3.6264368990637257 11.531188516838647 1.3626711487044283
18.901892120438294 5.029957308580565 0.8079067108886739
22.899288712938908 8.651205416904197 0.5639245388765309
3.2054601775130838 10.080934188338123 1.2168155052018585
8.972973724328885 1.0937298902320673 1.858300661270028
15.786352261060054 20.306573935314432 0.29110805686788405
22.279268658055802 20.25487550019384 0.015712529734958833
7.131116015842792 18.452552326670308 1.5620681285890272
4.547064960991387 13.341601506319604 0.2577272262544206
22.201667961132244 18.197748974447205 0.44565774899480204
3.700903504660233 21.213345684208708 2.0711967056183727
21.743854356619078 1.3223655074580147 0.055976370495830784
3.2657379101456385 4.273021238317992 1.4953782566261002
4.4820040177389995 15.27552862009038 1.0174432078358693
22.30012655166447 6.120014211367023 2.258163572401363
4.067253683084332 19.008813640331567 0.5561523210555462
5.085856721781287 12.88353718402636 1.900439234468808
11.293666452912257 21.45020132730209 2.167679689580153
11.674934603515547 6.2415532084860725 0.25184744832101064
12.201574784700783 7.7754523861723905 0.7532633639032896
14.724137317698235 20.79795985936262 0.6059426445229932
6.009659217132554 24.562568479690473 1.584560978821454
17.77549606897504 13.858407880268755 0.35009729764683073
14.00932079674929 22.547058193845054 1.9350047385005418
8.275935266806956 9.808596250249952 1.643410585326132
24.676605550439188 4.909753651943305 0.35622386759869673
8.256100252523893 23.650131908574195 1.0419368671185096
12.014792797018584 5.697395147706555 1.7227603803018388
24.194547010539143 16.254859853079424 1.9738025879564693
11.559573403396397 10.08537158122233 0.3235083968596146
13.931018381241467 3.0941389643610733 0.20423754661358906
13.079527099466443 22.106829340981545 0.4195462783268172
19.75930259432236 23.209005627661757 1.056464469789498
6.215897219903124 0.1787377187169148 1.0961764529024969
6.85519703245179 7.4998439503585566 1.8164446290035525
11.209917526894614 16.133195362483445 0.8660512815228097
4.93225362178814 12.798588698646215 0.9676459331227076
8.297340157589355 13.629020309677362 0.31175468871443857
2.6016318386375943 19.182963911236488 1.3899178488988246
