|V|=25 |C|=25
Truck speed 
5.0 
Drone speed 
10.0 
Location of Depot 
18.879299414330646 14.986271281695437
launch/retrieval locations (V), in format (x,y) 
21.98678339176259 13.84959383064718
2.244697978186852 11.290839287389254
22.62038566272551 4.0276253376265085
14.884249441862643 24.67233809800384
21.15412442205355 4.3482832304682555
16.841947037358512 9.615337341221236
16.96746124379928 14.63914656840444
21.870590551813514 23.332089156038496
19.07420840484689 7.535823788322454
10.219356100005761 2.864989583015784
9.561741462679619 17.668023740905497
24.217507510249057 23.773875247361484
6.598825322265556 11.298978447312608
9.418632285419243 24.950191104853143
3.598694886217796 8.04860478457712
8.477760696783184 22.014602651972233
14.604788363487057 0.036171083797237324
4.846004085668653 16.989364142199147
10.646462098588739 22.12981996969511
15.217988891375533 6.998298804075506
9.633320814125598 21.193594251553247
18.879299414330646 14.986271281695437
12.884409793178017 8.004838736966224
8.127345778260672 1.075934544160262
18.119473087908474 16.54081309125776
customer locations (C) and packages mass, in format (x,y,mass) 
9.384240719208673 21.74759677087198 0.8984396167541365
13.59225993760917 24.596143434581062 2.1297340665036653
4.965675866591656 7.011451709459457 0.416876519130827
0.48381537797273777 8.00263627351588 0.5505637783645336
2.4214379491323488 16.144655870141083 1.1659490251276021
16.022957115259832 19.47066024349958 0.34747095988584153
3.18602346952252 21.13359491852906 0.2606285107044173
7.438527505650294 19.196895302511624 1.5410195161529547
14.798308594773152 17.010380622315495 0.7875031881323179
6.825743250476704 15.549943022892702 1.6071686359680963
11.818640998139196 0.3606856906812811 0.5226677091032553
10.31245066047523 12.243667452956903 0.6895634547949389
19.432139305583192 17.71356638404961 2.0535300821707265
10.085196190075754 7.568180028406854 1.3332007501050758
7.0763784933167955 6.172643905566044 0.28201836505211836
24.649282719294497 10.3199247936182 0.9675211755288634
4.320212410304528 13.607074321159676 0.23017088249852954
16.00834148530406 0.27560161016680074 0.1523454612009309
15.592703495559041 18.789240103000544 1.297570806258988
8.739737297554099 17.716300362859354 0.25700498367316127
18.591443042063744 5.619652197386982 0.4930464732419221
18.843999921575488 6.214775977239306 0.16697430189504223
11.909048320088434 4.362156991440047 0.25593621286824536
8.076577610810748 10.29571926939903 1.0313808741399426
2.8312832169535618 23.996363503960268 0.38101692666583914
