|V|=25 |C|=50
Truck speed 
5.0 
Drone speed 
10.0 
Location of Depot 
20.690466647389393 8.075894056671979
launch/retrieval locations (V), in format (x,y) 
17.51828532495965 13.617560456565112
18.866863971386895 5.568351825167281
0.7519260543271816 3.666719859532508
1.2373022031122005 8.169321949993453
15.289852174044805 11.411493242953163
2.7498440826693034 18.734747052418957
4.376557786749135 10.596382366493179
21.435822770681586 19.78390400435951
11.490789504641185 23.017318460564702
9.682530094605896 2.3422096612973093
23.24997654549535 17.58540888292783
11.035907775315726 6.5627815279553605
5.235597371413212 9.295935794104377
10.836991677112607 2.302161482758916
12.20598906946889 14.986537521810996
20.428036210863716 21.395098898175807
20.690466647389393 8.075894056671979
5.05622318428465 17.547502173271987
10.940048004964959 20.343960110703225
23.5193578641572 10.629479832411128
5.180824493238159 7.218030614182178
4.9955505139610334 3.292276992240095
10.363164418246958 23.170236096911008
22.9750164361918 7.960587441506847
7.9709892608393975 16.758969316895513
customer locations (C) and packages mass, in format (x,y,mass) 
12.05754776602386 4.475421107432287 0.30049282668117433
21.106902824487943 21.797330612188976 1.2629875364020218
8.202021311128519 13.702227504489406 1.593088023966817
21.14428435993865 19.292171504330387 2.2990545678812606
22.795237556825942 22.758854698915293 1.1502006228320631
21.041487130124967 22.79426109453815 2.1990440944768266
8.153687011248845 15.264518102192989 1.0146734298663105
7.53078155689445 17.668650187113588 2.0555690870635774
10.688161982296934 6.413379802801922 1.668268129038003
19.59689549814179 8.414562754876437 0.837167049283064
16.27973293538959 12.475987351451298 0.12975346804255347
6.350550833439517 8.595657259972821 0.6813791774270921
11.659914138292592 12.089232787452437 0.21834479301671667
5.942914273624175 11.16330796608388 0.8885646487241846
20.272596858782116 11.852271692642399 1.7335298821830334
21.68460982573597 10.128116515684507 1.251453464872957
8.602206921294473 5.109747997001332 1.2571352124322608
23.851395541675537 17.725236199304874 1.826545634787452
12.70913858987511 5.612115455519145 1.8712357584685757
9.919846074302685 4.324055839686178 1.761481507632911
0.930620959063086 5.706328077255704 1.6989335622282096
8.33667162593511 13.457946933214322 0.8754632126970278
21.37743149506079 0.748758612577427 0.684887400186138
17.976169345788133 16.498833187698768 1.1936040968889503
23.218195797331028 7.606555844936244 0.4211666096917763
0.7680878633695709 7.370098847531878 0.15867649451842133
19.754120305486673 16.514894082298124 0.4163259830491883
13.346360445461103 19.44850685394308 1.5534341966779746
23.589016442007168 3.359413480808035 2.1205501790277004
18.8807059083393 16.278802276988525 1.5155052162011915
12.9344058959266 0.355605145506116 1.655467195494784
16.351674990357555 24.818634720312346 0.17646149678661804
24.062903561451105 5.26978447501126 0.8104781824578231
2.1653593892329375 10.349970094367492 1.4476759429511963
5.125118598667592 11.076672342911925 1.1062635830292136
10.341248944885214 7.637351301876552 0.7167540495532213
7.624373549547317 21.169034928496174 2.1466323638516105
13.926499075653506 24.845527862296276 0.545698808327361
15.033938163269045 4.2609316286996854 1.5576358148829113
16.954568093565886 2.923096800491659 1.085163452413475
0.24424458397412363 6.003444201313524 2.2254915534626245
21.669622342741512 9.216969070983886 0.004508462157650705
4.781308974171172 0.007470243879767469 1.53920368020319
2.1955426938980476 9.189121394149335 1.946659963185702
20.25921054168591 14.344058998117163 1.786010720657157
5.554734818513629 4.634057786595561 0.0725101204822225
6.797972979173148 6.8770064567860025 0.7383588586142018
7.948652024226907 10.684484539070976 1.113136700757484
5.640319201249019 11.090334288626646 0.9618480887821331
17.143865689110623 14.036778679589698 0.5041528696598307
