|V|=50 |C|=25
Truck speed 
5.0 
Drone speed 
10.0 
Location of Depot 
21.905936119657067 9.519940742272526
launch/retrieval locations (V), in format (x,y) 
11.93654411861137 7.82986723428532
19.054976909920203 0.4664072045396789
22.182832329246292 0.8769912683866343
24.798764254973136 4.817604991517163
8.399510711139191 17.886746564183905
15.301781631204465 9.650966896962998
8.835211987174302 12.239476255332207
18.917153311237758 24.6609201524937
23.57723206143114 11.385970779192775
5.954741310632144 6.211097512617114
3.878151230269239 21.125285157583885
18.73905575103128 12.050331394734625
21.432660095188965 3.0765213175260735
24.477849935217584 14.593178969227417
1.8613680789277942 16.014800678805674
3.806881705212242 7.428646215451565
23.991992137544994 2.9697995405239013
17.29656505494542 23.43422008936662
13.658681317870006 15.755552716772655
4.435789879539439 10.4461903319446
23.18709460432266 2.759557482651101
21.204550297299456 18.611545113146676
13.792622594084216 17.901606570763086
21.905936119657067 9.519940742272526
14.289617695064532 23.36641529106548
13.408206719586207 6.703785916058155
19.692130253313685 12.902964563489503
13.379656966177123 8.1190260751565
15.367260353825504 1.5890786019792824
0.16838714214992279 23.105825185797578
3.701901444168587 10.177936949651048
14.409968863932818 11.478826795518138
6.633743956359655 7.066334845493053
16.771406450250502 1.437298825131625
15.463954398963567 13.40533322749733
12.619855918470297 12.114098642779354
1.0942361110587995 8.117914992662561
6.757218030007503 6.751780610446362
5.459869268385656 19.822614656970956
8.250350732073825 24.164101651095034
22.003664106031437 21.389372689076584
6.161200821196664 20.320558374548575
7.702698158406313 4.85965936307087
20.525842024831274 21.769102288864
21.631613641072818 9.985248574684585
0.22763241258623723 17.444688553844095
20.093374602286836 10.612574690265914
5.664578229654932 9.134995207740332
21.731251047999862 23.676087340650742
12.242682822663687 5.372985685102324
customer locations (C) and packages mass, in format (x,y,mass) 
5.0938705496887335 7.124257720702431 0.38681952197419556
2.3516590738605987 18.594248887871245 0.6607462923441023
19.741772472149254 0.8264394768130734 0.7593294979497369
2.4226626948222334 15.729318461934172 0.43041673234084793
12.353710803718979 11.172106375933552 0.1353937924381173
16.73198864614511 13.075049675899042 1.0565998542908657
4.068120613923981 0.5950513232114457 1.9627907418425818
5.415631480473576 16.120790747835247 0.7929152610885952
18.623326029398086 14.299310259309776 0.535591775436
5.804714259927693 24.075023059690196 1.6188282829204315
0.3629023525909103 22.491525275553556 1.220741384352903
4.304732535214317 20.366069673824537 1.0995028378797078
16.412904429972382 1.9532356344321877 1.644397948770574
9.191983989840068 17.04815657209474 1.0954175463469427
7.422383091951473 1.437461508222354 2.0162168869086763
5.242139892320926 16.542908431313684 2.2412388744792135
6.340023892551713 24.03827932429502 1.856691880863359
12.742196541996357 3.8273071989797764 0.1406719839710057
12.13198493602745 10.95096793344665 1.6468858628441847
24.92362246112053 18.62032518900719 1.135792805284037
15.660699607134623 24.683706633216605 0.9782921872151924
18.27339431011562 0.7170017130512935 2.227560502356289
12.897480799727756 19.487135790213333 2.1391613915896706
9.99213684284525 4.959235687083641 0.3346769727762428
7.269087582795364 24.880807188605875 0.857611544290951
