|V|=50 |C|=50
Truck speed 
5.0 
Drone speed 
10.0 
Location of Depot 
16.658537527605315 2.7443871930068005
launch/retrieval locations (V), in format (x,y) 
19.715523067780314 10.469948672758525
20.461763456266276 3.0072604820347735
22.207628591627845 8.840907682638854
21.030507054298464 18.572336961176525
4.791184001288315 21.10696990846609
24.150139545635096 11.445073837685458
18.164118761950267 20.429025509215975
9.55129952808685 18.221727304513333
9.80205129349996 0.7379662775886225
24.478872986935983 10.974781420045234
7.938882780454376 4.982483938442808
18.801732663222083 3.517724236273895
16.763884951488457 10.523609613215998
14.216629806899988 11.419248582076735
21.62711745903203 20.143792831572863
6.048861167133712 0.9850450555890594
14.759563364707716 18.148712921133487
4.455613986923221 2.3627453321441783
5.9780116759445 20.220295549213752
14.132543675452517 8.934513760144162
2.292095021568949 13.380708876526251
22.980040511671543 21.167786307432067
3.403466971712013 22.329641346463504
1.429493097561113 6.4478368759470825
5.40537680154472 8.296746672884742
24.712960393593825 1.5668778358990498
13.980475856901577 6.611517809733217
13.689061818633173 4.857042833153838
13.993210628476932 6.719326191243688
7.42613818805184 21.843774727309633
7.18888444398594 13.3021493653383
1.610457900158682 24.12548219827961
15.880754913862472 24.037557181197116
23.654847933494327 15.963493350636215
24.074951481326707 11.835725617331988
9.224699841775472 8.792160417288505
21.100838622230285 19.352955539769617
4.226311508665215 14.029407590365093
0.01794312566102685 14.63994276374214
6.596780227106472 12.9687779362563
20.280038092954143 13.623999303433978
7.845872168695883 20.320285989423542
12.733870021971422 0.7191940895648563
16.658537527605315 2.7443871930068005
19.778245441756226 7.22164138920742
11.423775647130336 0.3423415769501753
12.24487255876583 10.837484758815249
7.343980882405779 4.217797099887536
8.82068869955793 20.29685849810394
4.330690723460232 2.9209228877671327
customer locations (C) and packages mass, in format (x,y,mass) 
4.9251830293746135 14.163461488053084 2.1069791842353824
15.05687452043755 19.060692549161903 2.2244954064896842
7.973899097722903 8.958668542322346 0.12339084009447948
22.999797471433673 8.562602100043168 1.4593978629545394
5.56279636178991 2.724316901605797 1.1520577956825153
9.043126687120818 16.75040042238409 0.4277591193050603
2.208963154906787 17.58708369482219 0.9090149724360039
17.928543907759124 11.29457942919564 0.6871499598166022
12.671245077590587 23.596667950307936 1.9858371584649135
8.796366352974779 3.1726776800928476 1.237888504049126
6.086656010176456 13.912916720614858 0.7587848489056427
11.852085345692851 14.032003138483045 1.3630365639490585
8.57116596075653 3.0671351437823318 0.8656892781829656
22.820190109784484 24.654968993752778 1.2916634515510055
4.625327738646148 18.332478832100936 1.6922419723161377
15.187811959620054 22.44803090250508 2.136890269820472
16.70853713984906 7.753696514394237 0.46871003410031964
24.916105676777462 7.931290528952181 0.13841863285615172
1.8018535106661016 20.003617023081365 1.3580060325729868
5.282862678753506 0.053572285234121386 2.0445642594640985
19.271924464258277 22.13067805660211 0.7891803211553103
3.491561264921611 3.8870483766580035 1.8509460208681199
5.5321327797495625 22.55103145263743 2.0779017854151003
19.578296827692334 19.674120809831482 1.073263350075192
12.698138662567333 17.84985219600835 0.4202348713506354
10.266200233589954 18.686778038050335 0.44048001803560866
20.021803577785352 20.814453603386873 0.4983972571469255
11.390999215964001 18.949413261499075 1.199117609698707
16.44358345095401 20.08945564702433 0.19287231794441592
4.20241885715999 14.145218015304131 2.0894361483210493
13.966421547764456 15.507582899388664 0.2691252863232627
5.46420883064222 10.926781794857202 0.9765689268717944
19.02488985953016 5.8546139540654245 2.096127184573912
2.4741261684240676 15.733158583391127 0.1941640168892157
0.8129773939223678 2.1625495275814783 1.4286913582530532
8.358507250290595 23.254488780750588 1.4741098493599742
15.375241913563894 18.004863095231425 1.4239934214897783
16.326412592741633 13.497260424049703 1.2417310763110938
2.3554586935322113 20.05592040716029 0.2826128880220782
12.674414168711406 5.024345444573141 1.8312391950329796
18.867760174836377 4.069572935113977 0.0030312430201081095
7.693032008905243 23.512896407684465 2.193896399210754
1.5305788263179243 19.560902703693735 1.876195634779305
13.273316347174339 12.370463105318851 1.940101182947074
4.5001550019058065 2.32233100649582 2.0904080368480686
0.5685188257433332 17.38356386362266 0.6026486098179085
18.811433199491905 23.82161827270986 0.7351379232035798
9.452777927599179 0.4855453671461174 0.6330779767916799
2.299786181900634 20.434312668683646 0.38786762615567066
14.049599107629652 20.075093074305656 1.3574085779637297
