|V|=50 |C|=25
Truck speed 
5.0 
Drone speed 
10.0 
Location of Depot 
24.782794542510196 5.06091823876991
launch/retrieval locations (V), in format (x,y) 
11.363744948564616 11.114363245275861
9.761648461797703 15.918616123388892
3.68165223444922 4.306280803368426
3.6820220645052193 4.142041585916437
17.423269956653726 7.839472942068523
16.928143285171636 18.699727049388727
20.660704407609025 20.349549575506217
6.19295557107567 10.711831362627944
7.793414537510371 17.655911222089333
2.4653242967156626 17.425855073727593
22.866194000636238 16.999402310701253
17.171982205774334 3.921533853006112
16.81320970637073 20.502474817195452
11.130122142320554 7.862397543530716
0.1269264336871717 20.730896582116394
23.036831048750965 18.44319653296195
13.760044108700809 22.347454268413284
24.782794542510196 5.06091823876991
6.505579390462454 7.870189150829921
20.180853169523836 23.4505131590306
9.748874745273808 3.389039076132283
12.87133834367171 16.011966292816187
11.308209913912956 4.460159953242232
6.724688646302787 0.700894528076787
7.6831290313038005 8.770826287053957
24.07989513998806 9.94986033080213
21.660928215528568 22.720323830412855
24.00555435446156 11.23466206995955
5.541360969498718 7.9557085226416495
3.3061168418513116 13.60152636647638
19.58795141351545 2.050528756905165
4.9727576172372805 3.4477307829671346
9.505194928101915 23.0807544138446
20.00002829397991 19.392335154009363
15.71719435992224 23.96545502819802
21.022825381955084 0.13143309476805753
8.301111382105427 22.985440769478377
8.754779936520906 20.797465811384207
21.738867072751706 14.647960351726203
13.079353586303219 24.19904452629094
9.319325455688077 23.930373070214866
11.113890182087008 22.50498137815244
17.82466277032372 0.04250208793140642
16.98215898189733 13.583138808081104
4.738815823744035 23.68950855539305
24.293395463476212 7.541471355702761
21.444546676810337 18.89862095805981
10.797420993405138 15.309161667208851
2.2303321694759655 15.209887854306325
22.174497875122096 14.284693122785896
customer locations (C) and packages mass, in format (x,y,mass) 
3.8451570816563834 12.527750621971029 2.1109632647216463
0.43081186231143376 24.601519678338747 2.297648665232369
5.647297136680929 10.970469079961395 0.35036331032419704
20.51686694970627 20.564348130490227 1.4207106472244846
1.7664954270920574 21.078579637688613 0.346417398510073
0.9319741428625322 19.913404313159166 1.4554891717051994
8.882563241519936 13.504461943006108 2.136062780485264
16.803850707839388 24.750667696257654 1.3451600092788947
6.462842450709208 16.073616645756097 0.2438187354308738
18.018082658328595 4.844204443891326 1.5980427824539785
19.766864308588953 3.79789796458643 2.1518544100324735
9.508898882883537 10.262197123258854 1.9768126872073626
20.098311418184625 11.326971313312766 2.1695796842316657
8.669392621832413 18.60039045947623 0.22061809034055996
11.142138224838002 20.75269090801171 2.0699116835559215
23.54219283067865 9.386255677743238 0.8838487654553275
18.629769985902243 15.850927634313017 0.4738287704650145
19.900643503407807 6.433401219285748 0.9076723792242751
24.832433693361658 4.073605062200239 0.19140576220255634
10.094687944422292 14.148496704760158 0.670099824484674
1.7284189016738838 15.879279136369409 1.3064489102602763
16.25744763547345 15.500711636610143 0.019281173328013157
9.597532487692101 0.41512393704737915 0.3686662502067748
22.192866876156547 23.510837831990052 0.38537609740477247
24.255202700510072 18.900734800988616 1.61505777348267
