|V|=25 |C|=50
Truck speed 
5.0 
Drone speed 
10.0 
Location of Depot 
12.227017935355958 12.640368236787214
launch/retrieval locations (V), in format (x,y) 
12.032194160112885 13.0182141416507
11.847824793066156 3.8095254883412006
3.243670735493165 12.402232584749612
12.649972155079523 23.593280627348015
14.328526888297011 14.799650146802529
12.227017935355958 12.640368236787214
14.047792234499488 6.396780443117375
16.91455705053198 10.147466369553054
19.143725718967264 19.714632837336847
4.5869889345665715 15.027914434368316
8.081176612153957 7.476892073791552
23.67263537966192 11.859512435486733
0.27262570158018695 18.62806291925972
18.994183550750666 1.6171435492447317
10.646910162101337 1.3025078511754078
14.136476598102602 20.861344128381383
10.983381074563725 13.904586576718295
18.556598932654946 4.851228265464308
11.841449842344648 19.356702603519246
20.402566426992898 10.969266878429835
4.580313744690049 0.38666879428415624
5.757964280718938 21.000014813551804
21.95305609159071 12.831565520020819
19.573177116294257 16.31570299983319
12.775100652141653 4.0559546450952
customer locations (C) and packages mass, in format (x,y,mass) 
8.223902981506646 3.054325733325805 0.34466455085616715
12.277192855640518 7.914100920658659 1.711562970624938
14.984210084086369 22.136190561912734 2.0911995008786133
22.77301024766984 0.8464873173910564 1.978861256047153
9.386999064250979 12.014403456593822 0.5668486218280635
10.264228608027665 12.719683227102665 1.2515678559500405
16.360614686738103 16.661040918177783 1.3826323333622879
14.708364949395902 18.86211100292139 0.3711079275921277
2.7348869351438125 24.734755577325966 0.668390956471519
20.04021922380243 8.279402810732792 0.7769334861803396
21.550182714995277 19.958833338796737 1.5286108696529677
3.714288663415383 6.82236901270587 0.936235266973833
6.472691659677893 4.1948138985184205 1.7831122443329803
20.105716778676815 12.04700298489163 0.28947655367109765
20.70585582003665 0.49207363981040864 1.3835055279221236
8.587351959732276 17.474525505655134 1.1350696910000473
17.12915806784442 22.89948422968367 1.9927875840233185
8.242568446372548 8.730102297409953 1.078890050456844
19.77937031575319 1.6992331205492346 1.5118238957832397
14.348616575353383 13.961420467543698 1.9180548969037994
14.475179684993355 19.24670306392256 1.7061024414981218
9.837806723774278 18.775935291387185 0.09037010467980211
23.53926679366232 14.138690828570324 0.5140392503967989
11.687605500588916 20.37050715632209 1.1670384043049347
2.490266264479288 10.13351220890224 1.421338900554245
1.8542614808012976 17.909848707043114 1.2229558085134604
5.950347597647523 5.606614998756143 1.4682424523689444
7.355467493072945 10.521750327271997 1.238622931578399
15.71203057355405 23.90106503479969 1.7495257006850693
19.81044431613502 7.44639442475136 1.624522359814139
20.153677653895432 4.28089168074825 0.947462775779326
18.76951400123287 12.480377926561209 0.0739444526062282
0.7665162314250518 8.700672967607101 1.8190600626114024
0.4259838700072821 14.846270407467474 1.4522082701336216
6.953863075474864 11.550612676540892 0.7109858513293694
14.88384812215268 12.202024874189526 0.8397347219119258
3.493607448386454 17.27164371244857 0.34563284373639314
4.555453752784547 18.730173507059643 0.3312188437563539
13.87778767546485 23.005459700161904 1.5998489051979239
14.543079257562677 6.659830015428847 1.2824307377179376
7.262003046301355 8.478647982462247 1.5372942848480113
9.467551381232584 7.890819067364829 1.047121724455254
18.596769738860306 15.460552635088042 1.2775449920089934
19.964869222143417 3.5147826414261285 2.178382998688355
9.270274922875082 17.418622457931978 1.3564729591617277
16.710214655867144 1.6514940687498343 0.9314974661181075
13.32166722266496 8.040991672282871 1.2729678878838804
18.05411923150177 8.97141366994644 1.5708663481180816
14.349312158968317 19.071906832855642 0.11053241979276496
19.779647851350102 22.12675320327077 0.4423397820084587
