|V|=25 |C|=50
Truck speed 
5.0 
Drone speed 
10.0 
Location of Depot 
18.315265156203125 10.351996674827626
launch/retrieval locations (V), in format (x,y) 
7.184120310437747 10.938749700319212
2.7584407874991363 9.085875024380002
6.268731755027937 22.103598402290814
6.2529479790502664 17.524599155737835
12.828216361731611 22.185024924266077
4.8339328433735895 10.579487532317797
1.8607228177939694 0.5442039591503106
24.134107328633927 7.465913152375537
15.16010627750615 5.02963392046529
0.43131416090268493 15.525352740770682
17.87525082846715 14.756470012798195
4.537690159962654 2.7577521847061472
9.883131687222818 20.033786398611124
13.722935177750776 17.026999613279685
18.315265156203125 10.351996674827626
24.078606120058502 10.95811550482693
6.279401049430827 11.682535755784349
0.9967493746085715 17.08149478358075
5.0030524739473305 12.17332048950591
8.237040751126724 22.533729766353467
5.429055267220353 15.686974698120482
10.561483481337472 9.055925545557281
10.694140999463695 19.428136399241414
23.70709839212292 14.492764169712618
23.748785318740946 4.713012717924492
customer locations (C) and packages mass, in format (x,y,mass) 
16.597787540165896 20.358516063882192 0.6581735452805878
22.408035522936647 1.3356370184186201 0.7757562592726261
11.533644870776532 14.271434190677814 0.8340215152624901
14.476791500587685 2.1718278508037785 1.3285005444787543
1.8567105834119135 3.997061734112867 2.0851743982329087
1.402356159488799 1.2872086757968497 1.2562802173097587
6.402864636386574 4.376589766759934 0.9577080711915983
23.760019005693803 21.838799794184467 0.8993944188057535
2.6329755429080532 4.231158190685891 0.40337030145833835
7.945917520180751 0.5392501447391534 1.5408359243088612
16.44986890987818 6.353800472851501 1.140523370716298
22.322676375491582 19.23242118928712 2.058808118612577
23.973688645478518 13.246287717190214 1.1868358197842772
16.01839740205361 13.610568835188674 2.1982161305226073
1.1239334788864852 16.511974074484044 1.0125086764090172
10.991053410302287 7.830748468819401 1.1858358600378613
22.463532243140293 19.736618270342767 0.4195128890673723
7.672597069617037 12.329724850951877 1.8151933292292657
0.14261943557851986 7.713304452853148 0.06585158063777247
23.09494224620792 6.553863013997955 0.41200289595167483
22.264743324732173 24.57053117498692 0.724893161054441
18.206300100208384 19.673852601300464 1.930156095017342
4.167526906653898 13.899143376189574 1.4056121112442148
17.94754200296069 12.832398805762333 0.7065836674789971
3.1356038671453925 15.180136854335124 2.1043979954620498
6.2208165049944615 0.606189127906509 1.9125014547841444
0.6024741994531263 2.0850600519494664 0.07110842866543668
5.379873327727499 16.206839739842273 0.556933343646717
22.17873568241092 16.820823212637823 1.6036236508155743
18.668142422160727 22.23281820962298 2.001845616807707
16.924200359012513 15.396469632417647 1.7069811411242732
15.044160552202488 18.564041030024512 2.0328046207768575
5.461930053594738 14.133893019084232 0.28928738697555395
2.1678033530077774 10.042967739083247 0.018388610521080317
6.335039950987473 11.409954899122107 1.0147084662264783
21.46761044675112 23.843790586665627 0.1462792136972376
12.911870590616786 23.313824898976225 1.522857785272594
1.7583874547839966 22.077368218925177 2.1062034465625117
7.099106548452358 14.32394220894963 0.9635470514016854
11.279158957163936 5.349779567120827 1.3324672874749839
4.401053998510884 1.9620766154776064 0.8916982390915599
2.676840778320075 22.747306559263784 0.37782088521433776
12.23949971371747 2.5731108702938874 0.2708438272250793
21.893301033181906 8.891662736100514 1.646549047690896
5.7857568904233325 20.327917221993136 2.0799191622092685
10.864588298436123 5.158404620303666 0.8396959448817429
19.947737807030993 19.933684137506763 0.31225461328280224
14.130960485436303 5.92957541247375 1.907523679170793
15.775686298434566 19.61550906342025 0.6031404718553556
17.873148471759016 17.788769265279132 1.7649854125138074
