|V|=25 |C|=50
Truck speed 
5.0 
Drone speed 
10.0 
Location of Depot 
6.285798481228647 9.105710529188366
launch/retrieval locations (V), in format (x,y) 
24.951399877151612 1.2408411979236393
20.255453569769273 22.720245395586996
24.462808078822707 10.147319058767264
15.759783065750804 17.91304832763707
12.8566020047966 5.383972553521454
23.5695161123941 12.581810613163224
18.286039288987876 20.007194195542073
5.298933031159009 8.226286367812413
15.754060068403247 8.001853690330588
14.676233861661615 16.33102746290201
20.562035301297275 4.896321941202187
4.0599767812318746 14.91518126084532
21.450116621152652 14.056554455121287
21.355594799903873 22.214682188553205
2.909194191804021 7.438380725785085
2.942562390948153 4.373758097502595
10.30901103352931 10.887637303082249
8.221575676950257 14.159341364950873
18.816865777035083 3.2426849699343867
1.6424879038769713 9.904198827631058
13.369170656303622 7.341550723507987
6.285798481228647 9.105710529188366
20.974596130343002 9.315791892051534
12.351565407453394 6.625359412033649
14.89609095131302 8.813440913680266
customer locations (C) and packages mass, in format (x,y,mass) 
20.62407816740425 21.465573574800334 2.075730252188704
16.76079787022854 4.7423676055667165 2.1825399051551475
14.170050768242737 21.398070440759398 0.5388869765676895
14.005169314268684 6.463722444171924 1.939583487221355
13.528758823918164 16.466029855853044 1.3715654413484026
15.487519222410034 8.022904998762659 1.7702899803440377
11.007338027900381 19.93643383155388 1.043750891673258
6.905091872285254 20.40597785954646 0.02272149100062072
10.010320582328788 21.955059812619126 0.36447365848494007
22.694111216678532 17.66105244314619 0.3690978808061096
9.234478017596818 19.834374596740552 1.9919376823787014
2.7603409801010197 23.085788642971753 0.5840404988463106
17.854601903477892 12.36012053242371 1.7302795514339073
22.932065760398185 18.44890171138617 0.7395170643673504
3.1694691848291767 11.316086915740128 1.8633265662245178
14.669050813734822 14.973322970044368 2.0279454026224975
2.2910152165865005 10.33482318830873 0.20398909181500235
3.8282978899286086 13.205968747105457 0.2976650551983991
12.2392463983506 17.760572837931253 2.155430399730444
8.417894370176429 19.06436222996144 1.581616096076119
7.914097864944017 17.167915449505294 1.3174397413777577
8.349428693101821 18.316876354154957 0.4066458886229209
4.395002402500017 24.5842710914877 0.4740516691325725
5.984642935035006 17.37405946904569 0.015097260853811178
4.014125814935962 21.36365804136514 2.2611618693865556
8.531911247000856 8.497089644954944 0.5971562950479333
0.12220046299312448 18.348776884963215 1.8317793857210736
15.113744914202668 15.316316929270723 0.10801937265642153
22.35084949182491 23.76213107964315 1.4001979958943254
18.333098904983753 1.5692513621231363 1.1102661651466132
15.437982924752907 19.9128992630965 1.4422631018395422
19.409095349394143 11.934454209962755 2.033341329454596
7.693850798274957 21.77387781064393 1.4114356762940086
4.679414486378783 23.035827094072815 1.1645679828392235
1.4351475302249228 21.896823755218467 1.2134151453929147
8.394682309518528 1.630008233607344 0.7613989966010397
11.725671578089395 24.799594793910327 0.4511417677825934
12.31282906732961 17.12035991701705 1.2340660064140603
1.1453159995503281 8.249178470517107 1.2778037286843185
12.487755980664206 19.162948186790064 1.9599759714440652
8.479543831541921 1.5451326093091078 1.1450817959513393
0.8824746662565386 2.8728835540322017 1.2201117105266617
4.396372534004131 18.897498821757473 0.9316171901883025
3.9153260692603027 6.430624230481441 1.6343705892792126
1.063056138019297 17.99518830129559 1.4959426240097446
4.309968786410351 16.25002085053163 1.3526086059179103
17.374950994723378 22.919867145003977 0.4468558288098653
20.58315737782877 14.68531146841735 1.7760782707696356
24.024109964200285 12.502679027694738 1.3465289494425878
21.30845110402765 14.845461630539925 1.9253233607747626
