|V|=25 |C|=50
Truck speed 
5.0 
Drone speed 
10.0 
Location of Depot 
11.792771054147009 7.854213264794102
launch/retrieval locations (V), in format (x,y) 
1.072124357085011 19.255460802927967
19.995890860297425 7.693121489649907
16.735063542509728 16.750105012152375
5.431378683892155 5.688601761293233
6.94025245508636 3.2994763934069637
22.923521669022236 15.324978441160683
19.30228274486302 18.01338028498818
11.581380665470167 3.5209479586929495
5.666006532873297 8.237392412489278
7.568826877130689 24.767080479208087
12.921017339592597 14.817702506279668
9.662018724035597 13.30439813513963
2.854249710105636 9.627210933563141
20.212946328085803 18.952417095062557
17.039949090143686 13.341552063796335
9.925410227231499 21.758441408178786
11.792771054147009 7.854213264794102
16.382526887309815 10.581705277001502
12.259553797636851 19.174190752012723
2.7857009781323274 0.8723209495779677
5.117399956004371 16.805417637025254
24.266833087334263 9.49211502976261
18.055740097404655 7.287727533460736
5.684601432910941 17.40272973820311
5.358375083187777 15.369565350747848
customer locations (C) and packages mass, in format (x,y,mass) 
21.535583587904767 14.537202137859653 0.47949381574010763
7.856939036032334 3.5223125834554168 0.18978268327179418
10.200585379772335 17.79536673307837 1.8526212395022421
24.4563642258605 9.518913358728737 0.8711642846618977
2.9310083908501703 3.5206647460622245 1.0180472148641957
9.552345602015421 14.985420824238977 1.5272243529427145
7.991497095715341 10.641517176020043 0.08189676533045975
9.410481471268408 7.178572213910256 0.2697398968770836
13.639499684990422 22.591245235368422 2.116858896939334
11.534868044603181 19.797590682194294 1.3971758966500454
21.381351577393126 12.761639214051513 0.1013263128209882
18.68865789654276 19.39287616813894 1.2586704204108015
9.06903001035377 23.30486877264179 1.3802060835072318
15.178253720876473 19.80595852372544 0.5895232071017507
7.310244869214835 24.770489125392512 1.767707890142622
8.668438896095202 9.400646558532767 1.763552352085842
24.242220289400347 19.76082978485784 1.1712384663805875
8.38291746419239 8.514536745912743 2.295214630596953
5.727932451984802 8.599561608466 0.8345550204529426
0.011912253525503402 7.085095054879201 1.2243859738254763
12.289873330056361 17.23944234869251 0.18192783843112106
7.717366381206264 7.504374530801258 0.40686379066913103
9.887436638148742 19.744501245488735 0.1969693840447205
20.606684597729412 8.251975335296422 1.435868023889712
1.3473697027990923 17.189837482102217 1.392865732825694
15.03622671446416 2.9778228931845616 1.2502568880941467
23.343903215292627 15.60034396701237 1.5416465645678668
24.991641728131544 3.2244021894736905 0.2277100325172224
13.588738520720392 2.767106782403206 0.009940616311212458
0.18340233048947108 4.6748565106471744 0.22389539614487414
7.813915020316342 13.896174380506016 1.3941122065967475
19.856406620834726 3.545352502000823 0.9958395335102108
8.685454317480973 22.784306123734126 1.9575967896549793
23.35989150143216 21.084731846523216 1.5975516556990963
4.959242942775274 19.494934964566767 0.7673776633074686
6.118960268800134 14.535610066305024 0.9323546243435425
0.1695210408808101 21.526928013907348 0.9164871872112395
17.404253344154412 24.853388952078795 0.8228446886670335
22.091615089802975 12.705253659761825 0.5151936028107182
24.55322985136832 20.967439967634697 1.2162916514520834
2.769523530039819 12.325631556471448 0.5327950313580954
1.2185326239149892 24.632677001587535 1.5717270933640968
11.3640383915204 18.94371877854675 0.017155173091652053
15.768500670154188 15.22103446368337 2.1970472266247105
7.915416020398277 24.054864588266934 1.4861966395753423
21.34865574315567 23.339808576791448 0.8062057120716821
5.614998035725824 18.38457444045625 0.7963925573146614
7.51757467973033 13.658747288125236 2.2471123596520637
7.404841615091981 16.869357411047073 2.180840401401927
21.403762730564015 6.055099887191329 1.7609422428540913
