|V|=50 |C|=50
Truck speed 
5.0 
Drone speed 
10.0 
Location of Depot 
5.549912826417919 7.780839676182444
launch/retrieval locations (V), in format (x,y) 
22.95803193340952 15.048188257173626
2.9750292394962408 4.866860608578297
10.492374388491124 11.895751062627975
20.573624477641218 6.476258506341451
13.664936526717009 12.002116837488549
6.892934806967432 16.8522174656582
23.563379900193848 23.481028103941107
12.080159548715288 7.540398970106299
19.17781418314035 19.614350297071642
23.146668271326114 14.03255385979362
23.736747262915642 4.4897826031102595
24.058024082005673 4.132271928222794
4.854760419875054 4.470194989306958
18.413961028494228 7.258755329282826
12.859188365959257 6.022456892305406
12.859732411217259 9.794191772316003
17.084965865440864 23.4223239377115
0.671830645261623 8.535414439694716
10.796226871180478 0.42001417582542
7.117238635692525 17.864301876236627
3.232366811966478 12.93018946120436
16.970994242838376 12.978520429255655
15.005919000778661 21.633317364797055
11.121507353966528 24.294674452712954
1.6289791097784945 17.12705689894739
17.558035965052003 23.850575245840204
23.261649503051444 18.357653271364267
5.549912826417919 7.780839676182444
8.528184825804544 19.15264523241186
13.082404299988607 14.138894669754388
6.34546845239986 2.4638636822225197
9.239997045458642 16.88082668479291
24.651168576005038 23.74809186708783
24.573710735410884 10.413436626069593
24.272728047053278 15.39861807226771
14.174390577573249 3.5935916979635274
24.53181508986187 22.71406659858052
8.639633309981695 17.4008587929625
22.674456045410302 21.356407416292875
8.82828636530841 5.488449862068445
12.116003249997858 1.404703445050179
9.747349999962676 6.73052232883424
16.59279570170874 21.050308814250272
17.63751902243078 9.500553034173894
15.228460912826758 2.7440556163572936
2.4119379892473174 4.72663034689251
20.250255989454875 11.510910626436738
23.253775820833347 4.422673571146824
16.08537921769856 17.543661321040904
23.57256500010877 13.823086329162953
customer locations (C) and packages mass, in format (x,y,mass) 
5.815179603713966 23.023256580415946 2.1154845382621374
21.729620764413017 19.90639576372341 0.5383934093390244
21.019785243478374 23.451125594220628 1.352082740685372
4.555776192588707 8.248857089199987 1.753898362965743
12.104587246833074 6.8620846671365445 0.3295858784466507
4.562288694064421 21.385222361670138 0.4147238746491269
6.189100114393847 21.832983432969126 0.8477797590814047
6.92045621543958 2.809483144601077 0.32598109616611765
8.514625248038216 4.2312196727006395 1.0787799150978499
23.63815321130146 19.379503021594655 1.5285784776108227
8.153814916699456 18.164680354644013 1.939648208845426
19.980306052241602 2.0250508846066855 2.1165462712121594
6.28142738027449 13.371784781405955 0.6703582792762862
20.745790325518236 12.34493916443538 0.10690063638531594
13.73585340610922 0.9283148238315775 0.24664620944904342
2.0534946940958005 6.615890255212725 1.8677397060031458
16.939254890367327 19.735699837319746 0.8999752383938359
16.517341061537707 8.070055332566314 1.7363222534128218
24.163780339013005 7.056591619496352 0.7729433684591367
8.812081822622236 22.563633982361896 2.2886566263561985
6.988786307986819 5.843975202106585 1.0251266555957965
4.005229573832548 9.589368521952627 0.7163826688125545
17.925557406730107 14.392047863844123 0.25037403045765744
6.375643116179178 21.958154498313466 0.051277588676940815
15.427908344740684 0.08546908175676993 1.8386270071687887
0.8569766102079629 13.213047011891616 0.9586104009515886
14.45299905141863 1.4358082568577457 2.2131095069973803
8.323056653717176 9.350295942098183 1.6326545003357815
5.118551517570865 5.836133763499504 1.0671113065010644
17.05695569317849 11.06715352838562 0.7038509096538267
10.661478834456043 6.878808886485743 0.40643951431874564
22.79785933835033 17.85970876414117 0.8476786483000069
4.843320920069541 15.122856545103517 0.9550797068395462
23.372266555751956 9.825180937898855 2.103912644514791
6.093817058069229 1.8219264750098996 1.7424662410963283
7.09058072984678 16.735046593884586 0.5968355205486533
21.751496794091214 19.13121647759427 0.7613360400139565
12.530323842481522 20.25065532695226 0.3565094790555631
19.284322834451917 20.283034032400714 1.632862550766767
22.57201073641423 3.065173360094869 1.3742420192971896
9.482428182520325 10.072835269582045 1.4323236715313574
5.16813651892169 21.832841452469314 0.05156914877206172
22.256712819001127 7.327039572675675 1.5466293850354629
7.864978308998791 23.65958566632767 0.5809545724073325
2.942904361687959 11.733033720611347 2.0795591548220607
4.986525800982025 24.07813098965929 0.5966894524957479
8.392161300242588 7.340930283009742 1.3418640183036794
4.8955649229626506 4.3329978244340674 0.13237491015446906
6.017704720846676 24.745793852093154 1.8752841237754208
23.450693664943447 16.46372843081743 1.6823031931126942
