|V|=50 |C|=25
Truck speed 
5.0 
Drone speed 
10.0 
Location of Depot 
6.551886823719702 5.998376931695248
launch/retrieval locations (V), in format (x,y) 
18.07331960124833 24.48274653218366
18.685326413620917 3.396943226200752
12.658951594702557 10.754004130766093
8.905471093654318 0.345133171208975
0.6706910854958781 7.415658949514295
14.876951259755328 21.43415825510818
20.44250053392751 15.851196208940161
11.09307882390774 7.751939524454096
0.15628304735934573 3.6981905467092098
16.547366636530565 21.97553254369061
5.247250798994635 22.974395144334245
23.02885130139691 11.11729212850921
7.067111480700761 18.91500093371387
16.231822710824332 15.743889306514525
18.909210973117514 13.573996231506468
22.380000221613308 11.634747600670067
19.162799392042544 1.893716255659278
21.980474152167563 1.085507607249686
1.1224335320127898 6.462004148301398
19.096691832935697 9.27552568702823
13.00250035733826 11.204530934552459
11.253391770980015 0.20580111034992077
7.308434512386847 14.781105911332043
1.5891613291517475 1.3047859833411697
0.0070337222525251875 6.187485223636857
17.215540235495375 15.778069427664427
3.2769696409947704 19.55756497130024
18.23311165954264 22.606380895480687
1.5316190981738447 6.571268880546374
13.267109003845784 21.725729216159372
17.82900633966906 2.1276062201361743
8.173539122231618 5.683248261848287
21.783249205950575 9.742243719401127
24.45267892136219 4.751440194239173
6.551886823719702 5.998376931695248
1.183640477956277 1.9772667022677188
3.2989240187445534 0.1799891617579319
5.029104982063812 18.204906608642393
7.482496533495054 7.227398008051614
24.124123829462526 6.055405769528463
23.650686191397927 7.500215494153972
8.817346104746285 23.496433531554732
17.30612359456428 16.850152716512202
17.42389146958224 13.575478865613979
0.3518481088156028 19.041313289254454
16.074328378125156 8.761198602216352
11.779097265640498 6.780079021230656
4.454600306642581 7.197369124639902
2.855929441776406 20.09491459571306
13.998266123255481 22.207110977118262
customer locations (C) and packages mass, in format (x,y,mass) 
24.601590893398644 7.13728435830557 0.39554580358917263
17.78046281080747 11.112124576731997 1.605361195639467
13.83761068418767 21.442866544094436 1.0867785644519077
9.201728350476628 0.1615100067128783 0.802999541098791
9.284076744542594 19.439002634312182 1.0527665159121673
10.422118146722239 6.188225690436735 0.6595585653612388
0.30168325688180175 18.59184874241524 1.7657121380423713
7.379113005448016 21.62765700743809 2.281322528755908
15.283830836033726 11.361082598084213 1.4374596653032679
8.033939038673388 4.358025203300578 0.597651026827653
22.959528123300142 10.700887309793265 0.41584904268620415
11.54033317503628 10.14288521171256 1.5439371455781177
6.166996317331999 20.590556939972593 2.203519897838288
18.09945395096036 17.861051988301124 0.47351816144327596
13.987126065181307 6.847142201302125 1.9738760790679708
20.00805051252809 11.738548972000382 0.2863003034638571
5.584959263634229 8.830355203208004 1.1770870930421027
16.515620067271904 3.5343966084714435 0.7494668909463564
7.413214044349531 10.028901992941112 0.46412288237750204
19.654204330203093 18.402527760072342 0.6292871913289749
12.879667073069143 9.078521300529077 1.0062698001619204
8.544639523476025 8.289329369792931 1.5497656320823516
7.846592248698658 20.60042524215483 0.7385103172687049
14.773409881107282 1.5369062603904222 1.534670418134364
10.302079778156056 7.273078060642773 1.4239667741051807
