|V|=25 |C|=50
Truck speed 
5.0 
Drone speed 
10.0 
Location of Depot 
19.72878239511932 12.599570238492275
launch/retrieval locations (V), in format (x,y) 
12.635867581698115 17.206598483626415
5.352915763430024 19.098203498384535
24.27277477231734 6.002327240228572
24.48981943138768 8.030130779945715
3.9584633242256304 7.6959793432539865
13.211455372827984 22.115745238842607
17.25036181252727 11.427855682483557
4.455287969147326 1.3637705914889553
1.231152955997289 23.1076380687088
19.318150182467935 1.5964028878423937
2.0779679674619382 21.500249063846187
2.6407400613403076 16.924973273423657
19.72878239511932 12.599570238492275
0.7868090859368959 3.4884426168115517
13.89593795085498 10.596436698721748
15.966060827591317 7.475510933812826
6.744088607735815 4.094594076765937
7.649698990591455 5.286373349848364
6.898032051968306 2.417923092355484
1.9245703201080488 8.39408092603483
4.811565085408703 22.5637553752203
21.80372460746271 14.017440021277292
16.35923239117143 8.616074361430956
9.059465223820288 6.87380867643908
11.810983259130502 6.858735049873577
customer locations (C) and packages mass, in format (x,y,mass) 
2.1888612332551407 15.489739218459492 0.8609438050592546
2.963513724527769 4.243127451616457 0.1241886323870529
7.127891001706043 17.657448060828624 0.3368138838389439
18.71039202540603 24.192570895472677 2.066553463778267
18.37980542928266 15.477277218006519 1.8443540800455047
21.368457719120435 5.980379128551686 0.9597741365186009
21.55096875871535 18.440134758594688 0.3767202829222665
5.265055256913792 16.334907973884956 1.2330237703241629
10.031447434802097 4.539816816230155 0.054613979011030406
19.19694534987886 3.9526989674508877 1.4672556159930785
8.653904515681567 13.589355680465024 2.054319295492814
21.656021386303788 1.6919060245602802 0.19253640968056776
22.09968599240881 21.76066895683506 2.1333844061250327
7.431048744189339 4.291173404252266 0.5624863806040146
21.529576090895556 15.144375460094404 1.2349895142490905
21.121335196553044 4.415690427422731 0.7424952088496612
16.606651005074458 8.168209208075798 1.4225277245073933
8.780296602678831 13.138428013353979 1.518589619237566
18.732639779394887 16.467452890803845 1.4560104104280744
14.696834596062548 23.065267969795208 1.8256336484095446
19.845639352082337 17.890588837209123 1.228574361036843
18.08921243696347 15.924366525471461 1.3125917951580928
23.756957096845184 8.113202126587874 0.07675427872077353
6.8608422917593614 3.8226748114981945 1.7840418696539775
19.89733666254521 18.535427222291524 0.6540379467712713
12.431939604010719 11.63588047399381 0.0021362469653017024
14.686256269009196 10.332935868198035 2.154068575382999
6.087616197110682 4.152425622886985 1.9226308000563819
5.286800862447902 6.1192250196926645 2.1784439993822264
5.276423375539113 19.527192046289812 0.8296065638286579
8.966643176175292 12.037918706120173 0.05640698245291564
18.808368031095895 23.610543713711905 0.5095616594304183
8.052730918467777 5.453410539961126 2.14836628283303
2.2627203176908055 23.18440107284888 1.3887861108193262
5.338233942935328 19.482729205874687 2.121056971337144
9.545394332186339 20.53024194000198 2.2543323814576888
5.909616134079276 11.449414001991506 1.6265202094431768
9.77254731414105 2.4784394071610287 2.2049810368453606
13.339566158097657 13.9170122796609 1.778420780640428
1.6369612386421344 11.322066978191753 1.9237209363834686
10.265339652726032 5.701508663528812 1.0326051129373555
2.2434838788361833 5.697799322945113 1.6891490112272591
13.289334048132071 5.636762095015077 0.08914684376221943
23.093729511734047 0.35193243801753815 2.2919740713081995
15.637989623898092 23.915411116850475 2.051894260665624
6.130009036646117 10.577935314522815 1.111811688510043
16.83640325785246 8.373267575562297 1.0612919654022286
20.824536999190396 0.8557589446651637 2.2509743740926664
16.531247170866177 15.735432146083719 1.6209190657774875
8.771059723659327 23.367855564267934 2.27089114764879
