|V|=25 |C|=50
Truck speed 
5.0 
Drone speed 
10.0 
Location of Depot 
8.840182585296539 16.612192371630165
launch/retrieval locations (V), in format (x,y) 
4.601116136137157 6.628742094614851
21.596541931239724 2.8143981414856354
13.386255829634353 5.976968176179975
1.5668180195973576 8.148312955042588
19.81201145862111 13.76579522446181
11.421506690109418 19.928435822160584
15.71441640037055 17.20637919067521
1.0702975650215802 22.30478364817007
13.404301248206924 19.26964791485731
24.54439116101908 24.233917303442627
1.0674082606912771 8.167211630882168
2.067415872494122 22.3265022129779
5.992614720657929 4.898752472258
24.268823454745895 9.567618774920533
23.816203755087436 2.9490401362279037
17.64781170495753 16.874657313778084
19.235551927141 1.1388391922598606
9.544549493200133 2.7843315737500403
2.904445857973839 3.435175508292476
10.305810567595659 5.1035778726754275
0.9525512235757511 8.066154203391019
13.263674659234509 21.361465527700986
21.374345089095048 12.621638086120601
8.840182585296539 16.612192371630165
23.74271146834189 13.288210974542686
customer locations (C) and packages mass, in format (x,y,mass) 
15.934876921468389 8.105438216293425 1.781518427239901
3.703734092846009 5.375394328314781 1.4505874808562877
21.297078728929716 18.295762537835007 1.9834541592794113
4.301202458725584 22.993247633636674 0.6046752442594959
9.949141365236109 18.79040251908676 1.316405020500466
20.6511954418363 11.106542236454192 1.2663945375078205
13.786787862645545 3.9770480117166747 0.9479611696048795
11.076595585826771 8.278559909791818 0.39995967124976634
14.90328287064612 10.344179705351896 1.9760154203961509
18.600239198781924 22.90196538534306 0.6831630235696016
8.968856549916978 22.3393027318343 1.9050195927340507
14.428312369006449 1.5733644903886401 0.40260212534924905
22.09546635454082 14.173702775822772 0.3254875793261359
24.932214880985796 21.221311468686174 1.3461624834035084
11.241167565300392 24.317728429349664 0.3199774043087831
2.978604270602397 3.6174900544120674 2.226796035507118
0.8640065680017017 12.495709832576859 1.0451743356757317
4.288749165231998 18.172440163737143 1.8592054359192896
7.2404587491504575 8.601232419127216 0.586274542577046
6.716249346367831 8.065778534597278 1.9850819441738672
13.358885998633813 4.67036087592752 0.49875642438712864
20.545105900027842 13.70642102426958 2.2634708742933745
3.2884982824690487 14.051821944616542 0.20088785390783645
5.779873171255143 5.985799645653237 0.8298038666225938
18.51067707632027 2.278388726118416 0.14359518395012077
11.28632708109164 8.539681170294358 0.9829768687585633
12.893728666758284 1.0143224308842402 0.4296837558360909
4.250168717304604 11.32288156306774 0.9600676847776877
6.3239256231350325 9.525191425067577 1.9868243288667429
12.830017781710302 10.058822568686802 1.1687317653016307
5.576735134261507 13.159484505319591 1.671427582353192
13.452795178666996 5.0723501661469435 0.010199767573529084
2.5787358907966738 4.136631238207028 0.2624432057921418
16.97276926865442 15.326983114073784 1.6571331168245864
14.161191709663735 20.150318774997938 1.0237678586937846
20.240604945144383 0.8286369345635675 1.8406903624797635
8.154388103320242 21.481673126640683 2.143535697730803
19.997410620583622 18.856208991210472 1.7330346977932958
2.5125315161331097 3.6467284317559105 2.0200974002039938
14.981643330230174 21.213581075412428 1.0352680103799872
22.212765965231814 6.101121179900193 1.3393330159521601
24.380526916292826 19.75927881539804 0.3534118493213696
17.696246915916134 9.243170465481466 2.0479070144369387
17.32275214466549 13.156603196914288 1.520980616680177
13.721453397538616 19.643367408796628 0.10145676703942291
20.601243465644455 10.499243155485313 1.154613275506029
15.24460843578387 1.9301750484891382 1.7973138689102022
23.988189354539525 13.182537204318944 0.532264667313162
7.993756339388966 15.169120454236143 1.688065684052723
19.96560265101113 5.153141375291151 1.1814357422240065
