|V|=25 |C|=50
Truck speed 
5.0 
Drone speed 
10.0 
Location of Depot 
8.950749605955611 2.692094742568871
launch/retrieval locations (V), in format (x,y) 
22.073480415776647 14.238204642850109
1.790109112651475 24.919004316095588
4.024782444478314 12.322653194505351
1.028979471122471 2.6779816024792598
10.301843483205756 21.154191253172467
24.909414965506286 0.47829634256052467
1.5002615043452683 9.103498815522675
8.950749605955611 2.692094742568871
0.9398644328022343 20.03366535925298
8.442824246616176 6.6367203999092075
18.224836292615368 7.8013822420616386
3.1644569208912037 4.618089877864845
2.597054554501649 17.93410447558898
1.747443718629793 2.7697809121095096
23.045359965507963 21.16247979140004
7.305430291216938 13.846954422357035
24.364992162137412 3.7955640752547373
8.333399994008929 18.336533924993283
1.176548601321556 4.342487134769368
24.30797723236759 5.218055120639767
21.888684427803646 13.76758450041981
10.137052997514346 22.475208996598
13.122781708899106 20.856385309961414
4.584020510805767 17.40735689015001
0.08803087858407777 0.9918754759801807
customer locations (C) and packages mass, in format (x,y,mass) 
12.494445842965614 22.526234977415964 0.9491878006564284
15.207212337228535 14.236385653883113 1.479156304564224
24.03770478555134 14.750652906123651 1.4349897968105132
3.2296284606104897 13.349642427718095 2.1980179875092496
14.605661774113601 20.609843422792935 1.6507020882306267
24.270685224358164 8.366870371897697 0.24096380526686692
13.245020845577846 20.940279927673693 0.9956387093851219
12.356757069386282 16.31419090094849 1.3470031232143276
6.325390862514399 15.675330113391576 1.6919862503991132
13.699515949078576 8.986142226444313 1.8045174998933808
16.04453792423851 18.894970014553884 1.254282449998364
20.517589332703302 19.064647754202273 0.6369021794032608
13.377541082119937 5.846133970212139 1.686638186819099
2.7507850270310885 24.35555714127597 0.7421857746868322
16.009267740725836 3.2836098263329534 0.9595806097609177
7.040335396399083 9.64086716539283 0.48233852571118124
23.392200075650248 3.7912949296630942 2.019847771315394
5.220333327884951 12.687306966090173 0.3187676139632289
21.838289172324902 2.6372760356072917 0.5914725902951283
13.193098450584989 2.2378992742510624 1.608275373193141
5.409293887679334 17.617851434487747 1.3530748308215403
16.34232348528217 17.626484413154834 0.90091604513809
20.70335907531402 23.026579153719673 1.3789694084686859
3.854090436091612 3.4426601107457904 1.6820156936678206
3.155293739367229 7.955958571071486 1.3396210890224396
21.354504739388233 0.5359857665271806 0.016237356463911234
2.620590052121158 10.408838926262721 1.1704677471667724
20.28657519863887 12.226003474546895 0.23312333389786724
23.106080088702573 11.299151224618479 1.6771151791959034
11.560262770300334 12.506979809112561 0.008835308457246616
16.64591912096456 7.407264390436266 0.49747599128576975
3.967108248736917 3.58533061926668 1.4591732385036562
10.632379532528125 2.8638301190259035 1.9485859342394731
2.848967727426616 7.045253381978384 0.07026084204938668
8.910570142612448 14.06210399973592 0.6232347372853676
24.687040416765196 19.982642953923175 1.321734401262158
11.762911979539814 16.212706345942816 1.281515373733335
12.916749592060647 2.735871048998817 1.8393141348666784
17.052382123742117 14.450565747460287 0.9558653509058282
10.719157242692637 4.232271214205613 1.9790409414781527
17.43590036915074 4.344000078450275 0.8859186414522904
9.079512007277671 18.458204384367182 1.2505283684295538
5.165514668274734 5.779904195040017 1.030838180336464
9.3868926850892 1.4731891145660843 1.2264815441452976
2.553724502822885 10.610959237856408 0.3200683070583865
7.450697962379166 8.812118087505835 1.758602995639265
4.100716182499547 15.599318964039085 0.32471591451965837
1.1432702247160698 7.839467603357287 1.0315078600797418
21.33898896170883 19.879994999971228 1.4648689368284409
9.362284578333494 20.88437825788344 0.5078691277247259
