|V|=25 |C|=25
Truck speed 
5.0 
Drone speed 
10.0 
Location of Depot 
22.128510332800115 19.225224969522046
launch/retrieval locations (V), in format (x,y) 
9.781401263330217 4.701116562066157
14.279030948468321 15.569526109663743
16.254866366382217 16.801807737836768
3.946318895213388 15.908095374168754
1.1209159803647784 18.56890797770638
14.400594106247707 11.45558266014228
20.469606401328218 21.314987262466772
19.915290775889385 14.280304989068881
8.991497288379458 22.045250102937132
14.423777928138815 10.253868829682236
17.967446992226574 17.503465481365517
21.82970976779653 4.920125768538824
12.290682160691674 2.0766749570053697
21.8875028676728 23.287559788639133
7.943221997389865 9.270943622245605
5.481303531138454 1.1424629400717312
7.3530820352775805 15.461337811946727
18.244185566832943 23.331530634178236
22.128510332800115 19.225224969522046
11.779554725085056 24.681177825758848
17.397943334367024 23.377923187079546
3.4703438598855856 11.388336974601424
12.685732130079497 5.84774368159838
10.871028581823916 1.6309620923789931
10.790106499292628 6.803093054983939
customer locations (C) and packages mass, in format (x,y,mass) 
15.803803560042336 22.34290110004483 1.2317842681498243
22.772283149105103 14.988984417196555 0.7201324335996816
0.0426969510563896 7.343653530656025 0.6873051544603097
20.437111739055492 6.508924120155399 1.2730166323360885
19.111619834257716 0.08435146366712609 1.715314730448139
17.274563631365833 14.302451048298542 0.4155873823010354
3.19692908070551 20.964239197166513 0.9996937348238164
1.3313893165278146 5.617961808426205 1.4813999902682229
18.418855463907676 11.981077279306925 2.2082159252626954
16.03523103837328 24.59740178648125 0.6196284798366606
9.247451848711988 9.83468382296511 0.9035872981546968
8.637701669078494 23.461170810298547 1.3093952807598606
0.8160841129700336 20.664767871079327 0.326364376695726
24.835856706047764 12.365314526865012 1.4066408349459194
20.916053802085077 15.884104082225416 2.241251667684988
24.354769073447134 1.6395776727808813 0.6288665943733024
20.450936857735115 12.910815150612581 1.1053375847886393
11.471322818621019 18.998339481431614 0.27056800903248335
21.129119911269648 5.759164793196514 1.1915385786389012
4.958937395434059 1.2871675389877129 2.2346269122129168
16.81186645523395 0.7350297872081551 1.2474653974560548
5.930483628978231 4.007893528710496 0.4910533402654882
9.81193665890958 5.9441749532049 0.7147416520597949
21.792002471355854 20.135042185013656 1.4407371111819391
10.623777206552324 11.47786349856957 1.9711539069684418
