|V|=25 |C|=50
Truck speed 
5.0 
Drone speed 
10.0 
Location of Depot 
24.608428283691065 4.835706915375565
launch/retrieval locations (V), in format (x,y) 
23.801749039762555 6.525751430394802
5.6139305462221065 11.565587365068092
24.608428283691065 4.835706915375565
1.3766171463069994 4.15009161047597
18.23209293621113 18.940246794851024
22.870309987903372 10.95951741709282
23.916041558284974 6.223748085937792
0.8956664040315088 3.692910270531058
23.18398156947068 8.568880781180068
18.484577002856923 20.158334670020707
21.32564423220838 15.446901408530922
14.637735177302647 20.48312898835843
5.658554165685187 19.886238075205807
16.376016125609972 24.788672830425984
18.16898178768687 0.8915669748663119
6.930010553966229 17.648228025834666
13.144527904244596 5.003842860318608
20.22482122354897 5.835956418205135
19.400649781168617 1.9736448273736413
9.197291516222567 18.909059525397147
17.565991945819917 1.1260476523010516
22.02888380211973 14.120825442493103
21.38444869812814 4.598215659178967
1.9420264093661572 19.143106397736524
7.840701933316777 8.096709055151413
customer locations (C) and packages mass, in format (x,y,mass) 
1.6466136889760534 12.449091575174378 2.1487139689295804
23.379388764633102 17.480190008716093 1.266226824242202
5.871479425017611 0.5713223195721873 1.3757089148078134
10.405310677972007 10.952918836118892 2.121849255942078
4.5003321622143595 10.520963677872036 0.6511219178791275
5.1691822201740765 19.089464769236823 1.6592061396129862
11.382758240117532 7.110935169385699 1.6364829277949893
1.1623324631145433 22.989972939544973 1.5305545264990283
0.2288190245460231 17.64687036265874 1.5250230639075917
14.744686996539691 18.368130389737814 0.5684334190749492
9.179050530294983 23.36261073195672 2.0626266695620368
23.83596847936239 12.850651116785814 1.4300465306684722
24.003838462020767 12.617482295730568 0.7553021527294691
0.187904961198318 0.30527510000167846 0.44765207025452836
15.258899575377768 2.178325736424411 1.6708654120531286
6.5480206951146505 19.800830299390636 0.04477533367443482
1.872266146639523 15.129663374860899 1.2208626092944856
18.327042718487576 18.647438314083413 0.47228260755865986
10.058070965665813 10.851579604004142 2.1038177109925815
6.8792383167255835 3.9689909220389286 1.6486659443280158
11.793630146815367 2.766447140700698 1.0274316600349445
4.028835589322238 23.327976537087217 1.404246013985176
16.48854416784405 18.45300682926404 1.1133515144490032
8.383475263395953 3.600796705843548 0.1556131237811628
23.696771648661247 7.179086339699806 0.9712582802417287
15.301567993601594 4.3597303317306935 1.4187909857267544
20.16860242949332 7.994071101605946 1.1652050919434989
23.78505852179166 15.469076709821508 2.1785936033628808
2.220358005235021 10.453428389751435 0.8530172094255076
19.704832048293056 20.871323483081504 1.2251986737180922
10.4805982410799 1.4733292979905832 0.8624410139967291
12.106745899363785 0.861608659223731 2.033803173820332
14.455314241187581 19.693988857151258 2.103092073226227
15.451391623625666 20.949334156287236 1.0894588760012953
21.170611377373685 16.364207149674986 0.43331794532058193
4.761162005903022 5.754121788768107 1.0208223357725075
15.247866997414297 14.985855813917196 1.8520112922075216
17.53706429277555 2.164392310370064 0.8516315306689434
8.998949230275988 13.05185555977121 2.1036511899630295
3.128838283277216 11.159271700230871 1.8487998986827978
22.596205950809924 1.884639351984216 0.30427729207850696
1.3107917863548701 18.80885514816292 1.226404337795859
15.577724588974473 23.136527437968077 2.002352809401434
14.749427069683083 3.241421174643216 2.149527042684325
15.811963105396659 21.769675559461238 0.26130485650558655
23.46573692225976 1.6220236511486101 0.23538891413628515
24.231801660012128 18.046681172907647 1.1310072167216958
5.532509434103164 20.926061041333707 1.1922676248174655
17.73667707480839 12.797232855519178 0.5875679208481692
19.90122939132253 20.26575338255118 2.0726377769402964
