|V|=25 |C|=50
Truck speed 
5.0 
Drone speed 
10.0 
Location of Depot 
21.595866941882928 5.0717460143445665
launch/retrieval locations (V), in format (x,y) 
19.847628191362016 10.649621550019535
1.8500840073643028 23.62486708208381
12.866037872491281 12.982392207190877
14.32838106200323 15.590264150785513
8.002205051820727 1.4146388094872648
7.568584303749729 22.59030493592881
20.4639381412814 17.48000345766642
15.89236384927039 19.681742820799247
22.680695499944946 2.130143127780765
0.002856298437547977 3.438412955187675
1.1937549628149136 1.7492917749815096
1.3343557952423868 18.192893161221125
21.77381123631178 21.421446886177957
16.730530605493886 15.965994064965413
7.87238688875827 17.39846276805418
12.255568596449256 20.788066216457356
8.186577424473096 23.262541464373488
5.554818965470648 10.052355970281281
16.42841646476045 12.146938322842079
10.10736011951589 2.8264569752413484
18.20908894560042 11.273534104944966
10.767068834218485 8.873592637668429
20.931620068738212 3.137142551515698
23.968326619154602 3.348863058695184
21.595866941882928 5.0717460143445665
customer locations (C) and packages mass, in format (x,y,mass) 
11.622037238284404 13.047749278578808 1.3315849715029753
17.023538412558505 21.80048362064642 2.0090387223494606
6.9034554419097285 24.99590113543694 1.6353244607139643
20.419377911129974 12.371273533313056 2.1455510168439154
16.129870004872295 18.570952423928155 0.9991672804449897
16.356259937001568 16.841238775576038 0.9744499181740057
19.474823312117838 13.718097742962797 0.2993557140301736
8.222607182195162 12.07307991682508 0.5083274502353565
24.335762479367983 20.514481048667406 2.013411866976775
1.6462009938541606 16.65376097379598 1.4780084200805963
0.09875833650104526 19.83066610297931 1.7739403949286314
16.186339558237446 15.550476324585585 0.4457708912307687
22.200098647971302 1.432313266989177 0.684628082753861
8.98348797837356 10.382261849648508 0.14074090469480505
15.509956607745275 10.116204175584745 1.1449697278484858
21.815427251925943 0.8999943309723868 0.38757781362709054
11.099026741646625 17.33486243781754 0.8827545201794763
13.531117943954818 19.781711314821308 1.367596194874925
22.815399059340304 13.594514080669317 2.103998428439784
22.04264215211471 17.870981683267896 2.036344671510182
9.055929924303364 8.298834838043032 1.479641649132187
3.410507678098465 17.868650242175352 0.06763914629536956
11.275414450464998 13.016664631285229 1.7743550691007504
10.028078163157142 1.0927956986603675 1.155894258929346
20.653944559248167 17.871443348580772 0.8427818943137837
6.044594071118348 13.790915302656757 2.101505365011112
13.323810735899519 12.356966378601808 0.8216507290843676
19.215120763293495 7.845163207630193 1.8710918596201043
24.946496753287946 23.204592806132627 1.8470337539191046
12.927105859394262 7.147286436279768 0.8938126065529445
10.193309814500179 13.336390351112234 1.3294471542302864
11.120966833184397 2.3562064562745624 1.6005664820436067
13.524564964475566 3.5598047596559517 0.7594734769094678
20.712131390122448 5.293665437495728 0.8704695363921897
5.47328564228178 21.859255037315105 1.6522756338227127
24.4061962911064 6.943741810912362 1.5725414179308992
21.369851101843988 22.443654057799147 1.691744497876605
4.689182707720049 12.23658603776038 0.8846996234047374
1.2057797210056815 12.225278905869416 0.5462067748434785
0.669544727331356 5.685230452186402 0.949033829353469
22.495397115754905 9.038377005532697 2.247000756207371
0.07782202335401833 6.630034531195644 1.2973003968628525
5.710458945788025 17.45719168610904 1.5850110792064092
16.96225428607153 8.818529435621162 0.660004843773753
24.008489992174212 23.692731408872227 1.8338506211993135
2.506876313882672 1.0089273034377177 2.091499670813627
12.379975861405349 0.142462211484215 2.007227358842948
17.24276126073237 12.94591429566139 0.8302579022574808
17.901299379567003 19.24250770294827 0.5023677800250785
9.256140768259291 3.115694629405527 1.3819929735485756
