|V|=25 |C|=50
Truck speed 
5.0 
Drone speed 
10.0 
Location of Depot 
20.242483773606963 10.491149780661694
launch/retrieval locations (V), in format (x,y) 
5.541665798206758 18.432624927948922
15.206368380291977 5.085707741242929
12.91722457410589 9.098837756690624
7.523569842117123 23.00753243073904
14.570468900866782 10.243641386097247
19.12821607834319 13.767784941654964
13.37750217464908 1.603693518666699
12.27352543861521 5.5953436488085515
11.936107201062121 24.06961050861497
2.820305884507773 19.673336946748964
5.431573014922539 20.790527245146663
17.102798533292205 1.891534765239955
4.049460173639827 23.223289691022703
4.499604240155667 24.85714850731508
9.08357686393365 10.328115368166655
21.008685139918626 6.382838270626253
18.880141494647333 4.879224692285805
10.724461959817186 13.597549864433631
21.64870737032774 16.135138342042904
21.213417423618115 19.67549873881741
20.242483773606963 10.491149780661694
14.936625094439362 23.36876779961189
4.831356821966307 8.079745661810222
15.659447283405731 8.662022915237674
1.4384802968367167 18.34066955527596
customer locations (C) and packages mass, in format (x,y,mass) 
4.490623008306685 6.888263532842995 1.8339481188482987
11.52015742728127 20.19809818715227 0.7509968579946266
9.907830451240063 16.593438804882435 0.12026962535839329
13.205380148755511 19.235496765311858 1.5107262000211203
16.398441863297517 18.896093540394 0.2670673207242783
5.649880033190885 11.365667417981781 2.1151801097176977
11.624400447300296 11.252606290459532 1.931417772167018
9.256025090015681 21.223126573284095 0.890701451594978
13.666377274900205 2.501709681807973 1.8631693176324395
6.043014060943613 19.003507294195305 2.1223264024879094
23.023284754015087 14.946054768144505 2.201442912728119
19.767253762924682 19.775969304891234 0.7444003941522899
19.287846859698924 16.802479043201977 0.38792153739043567
18.165975010214773 10.665809869268372 0.017207442624685786
8.11567609906923 10.12412552888266 0.8851314817983005
2.4751730366834757 24.201086277540927 0.2969191054319942
4.163744788311338 8.504526190383421 1.3409556225680928
3.583654389382121 0.08341443532829396 2.0099163103262194
5.908661269993451 5.676401408647252 0.7343078780090949
20.61753261852318 7.880040657034678 1.6610290284637803
23.624044199192703 9.884616897041635 1.208434933697196
24.53399436327664 23.607392455799264 0.5147565652476203
0.1244788331390495 8.956509204312038 0.024938378654971446
24.3452287924326 13.605551599368265 1.860512489984033
14.812143218403614 1.375958812077932 1.4351383224083354
0.858610782092406 12.13104062872736 1.9457734440093823
22.708399219317695 16.22379523233132 0.14128147847456846
22.844581779052074 19.20068857411555 0.7454541764594723
20.757960750040812 13.112784181104015 0.561584213198824
1.7651339171416063 3.6616673545915384 0.16893012931025442
23.12048827809634 9.338741685348392 0.48623455261844445
16.951256625178306 24.480191222072126 0.9205100073613897
21.217240812043983 12.306705247808313 0.8726084857544902
15.761970732095469 24.97163684172868 1.338786149577133
2.214553040851924 3.394923494398311 0.12490260906883204
15.91191950770819 14.922412448758582 1.088376740336173
10.614733095394117 22.779015452656232 0.35265882424700595
11.372744059373163 6.402590004348835 1.0601522375579104
8.331598719613432 23.645492238367634 0.3577246968981551
17.25803990504953 10.872122972113932 0.5910318586975328
13.896423971451032 20.523373528976066 0.02687552199682561
8.59560262387295 6.690982710330862 1.5397024434157591
0.4807136475551643 22.74513228135219 0.6602870437941
15.604484540703325 19.393456354167505 0.09098914453613749
6.421213144601978 4.257140080708674 0.8732431012795793
23.8798018137796 11.66516056396277 0.9255167141165076
13.149769256753356 14.057467497837889 2.1513571502730553
5.4501681066923515 5.6680265974873025 1.3304548406975445
19.757958968485262 13.189567899472706 0.1675958267793338
16.28784021200175 2.445782574268235 0.002550697611361563
