|V|=25 |C|=25
Truck speed 
5.0 
Drone speed 
10.0 
Location of Depot 
24.516964566020466 12.687697950172058
launch/retrieval locations (V), in format (x,y) 
5.648323395128513 19.488009622766427
20.750642693869 0.9164049412931363
22.20309137471668 3.2635474916584917
6.813067318177223 3.929456472432763
18.80738245271608 8.778045713192817
6.742023813310574 0.5393621344119442
1.2148909038557087 3.321080389084716
18.224027829834466 5.483825923352378
9.57702512712832 20.02119457074121
24.516964566020466 12.687697950172058
16.266642956004553 12.862213917417103
5.410019691023521 3.229633560888376
11.72170559103579 10.399139311524703
2.6504069684093134 1.450978698488048
24.601273808201544 2.988472056997382
7.022688338998617 15.73279975782757
6.1740338441442475 3.2227938658506567
0.006803917452885555 4.305694788542577
18.499678809513913 24.479076287960694
18.036426571369113 20.774122016921158
15.444043021506715 12.789413596945948
4.086709258131238 12.82517954398272
13.870965027998983 14.473673220505741
7.686240944184283 2.2527557723200835
24.457297288010146 16.3925444253814
customer locations (C) and packages mass, in format (x,y,mass) 
19.408457410617878 6.619916400186626 1.2010707621050283
2.517004002523482 8.09555379845116 1.5773993138574092
0.856555698485062 3.5897863682238516 0.0019642766176290126
17.508048219833235 0.8886725433151166 1.3158125519706747
20.733342809672173 16.739527162660785 1.7666934634864355
24.70534358178191 3.966441821880831 1.1382269397848765
21.242364294110345 15.843165674814951 0.2584395547487736
5.327782746668136 2.6964830796178063 1.6639751699622427
13.072956396300325 9.66028769128075 2.1667272157355395
18.283347085549302 16.694267104779023 0.616782080164865
20.25398403075907 24.191856382358115 1.656728937853886
11.799753375330372 23.116757448052816 1.780523333926453
2.1343659628575096 7.375887092216285 1.197119262146809
18.00018448939231 9.32102516922862 1.2320430469256725
5.820597595518995 11.283783640240353 2.077492600215315
21.33154771946627 7.728376299508655 0.9143250133847767
14.361312379473269 20.367307017957792 1.1480900153727187
3.2975746174022547 21.629116728889397 0.5902048051055506
19.431460406498232 4.65045007558389 1.5668563738218253
7.134417055729511 8.442508258098808 1.803785572931688
15.968307905766146 1.659946429072809 0.8769480001794747
0.6235935424856259 21.31471106002314 1.9211248208899456
8.486341137290157 11.131435858034164 1.872251160164789
23.84269588942381 16.4130192860272 1.4562392439778413
23.13768233251154 13.467580555101682 0.7619080327634306
