|V|=25 |C|=25
Truck speed 
5.0 
Drone speed 
10.0 
Location of Depot 
20.136049177500503 18.130140368694132
launch/retrieval locations (V), in format (x,y) 
13.294524795607934 15.655578532280522
15.95694764862684 14.68545685589479
17.15233689638627 4.410778903453608
20.136049177500503 18.130140368694132
18.906392024682685 1.764949644492636
20.448531443817288 5.180393587714588
1.477474212575172 9.917057080222566
2.0215815682249976 20.669762369278057
3.3275859259141645 6.301233567815581
4.950151408837872 20.686625789646136
17.954429922681893 14.514768429852081
13.446944504102309 17.477927575103127
17.673282171792977 7.408561952079004
14.979297695386881 24.276497252817006
13.992262237346711 16.274010026595764
4.642288731603772 2.011656441213522
21.50551081091269 20.158707659474853
19.320842755676505 11.682080477115653
18.90018970173805 20.869607208346146
23.294094332361517 17.514612775226844
9.886314519741457 24.155535089803156
10.547243143253427 22.729500013977905
11.777341110965219 16.66195653973283
8.742861990967038 19.135686431125386
12.780323109437926 1.5013222318014359
customer locations (C) and packages mass, in format (x,y,mass) 
19.87221430118183 9.457710307869952 1.281342621607754
18.381534510078705 12.263370202231044 1.135567910554347
23.582417316634945 3.799809765251705 0.3064590909540231
18.876995754553274 0.15598214876967054 0.9966129562287992
15.423529225564451 8.393952707159105 1.7864116636481728
19.460442332541998 8.452205962912357 1.0224557033704267
15.059636774753962 13.012959482650585 0.9018601202705027
12.067394810622634 8.646723534414729 1.0955217226890528
24.495167542589627 22.233477783185553 1.2993718362169584
12.35590852622773 3.607881368160404 1.7592927189020393
2.5251118581179814 20.597873063260714 1.9625166789655872
1.1405658293899807 13.607849009747447 0.6647963526981029
9.222446595709638 5.530858982889406 0.606420234084353
11.407431482833122 21.901063744738437 0.7268355268143699
13.907283161400633 13.826779597866418 1.989747759572761
1.7409897922923911 2.4155499101849025 2.071291410473579
13.7598271587344 21.66607275968081 0.7862084936434521
23.96330839694068 6.811527935169645 1.916907293059881
18.792428406988616 14.289630044360063 1.2519646748292916
17.584985699359716 16.97257958736796 2.2031816551894603
12.880541844306356 18.59987456627028 1.3110495677841951
22.108835058371792 17.914489166327545 2.0795374031361527
2.2725314178511646 20.7895179278755 1.2753275981280516
19.436445874941942 19.262803546977946 0.8030184138066214
17.83175064977354 4.717003498238315 1.9531344694756478
