|V|=25 |C|=50
Truck speed 
5.0 
Drone speed 
10.0 
Location of Depot 
2.605407830558684 1.516924049331772
launch/retrieval locations (V), in format (x,y) 
1.4891506971525388 12.34342894108683
2.0709701834711964 6.919412828388044
6.481216718981936 2.4421105994096943
7.469186137858689 23.673538450165267
6.538433066737548 14.728137191420107
11.471492099770112 4.320409914633383
23.584794053037676 12.509849073290258
5.848463418186367 20.67796013469801
4.828557218483925 8.348970402749922
11.710681784834998 5.7171873251274015
12.62160854037487 13.27213563587494
6.38889790173558 4.24009367094329
12.184514621326306 7.39577617063861
6.757520763009492 16.164613936808976
14.223616209224316 21.667054388888225
2.673734188717833 12.291940067547506
14.303813588962255 24.533503312737405
20.202520628326035 16.629037491338938
11.825456081308236 18.775155215337698
19.139969406766326 8.464226835921876
9.878673855482742 18.10899668283526
5.2394274087389805 10.323330470674033
18.267641717748106 4.975436984213785
2.605407830558684 1.516924049331772
2.7537719809089256 9.764532441834541
customer locations (C) and packages mass, in format (x,y,mass) 
3.8515441907453067 19.711311006060583 0.6285410722509764
14.37592833497279 14.662178715008617 1.8790681798841642
21.347015981775574 12.582096151836236 0.9846387204247337
2.897852369435358 9.158436316574218 0.9449811176097707
23.252994424766808 20.759564752443364 1.6501078997734353
18.079128830707564 19.377853623436145 0.9184182012892892
23.22321449322174 10.279017406886942 1.3025732503025818
21.74138350502836 5.755665476882352 0.10046091809027123
14.274052310992557 3.6048768428569717 0.9301049348050886
21.676788571575166 13.02341254436431 1.7284273052057637
1.9845972212089307 17.83636361942682 0.7243310000224991
19.34394892575649 6.810416986890108 2.0623820798337933
6.586879543887555 19.36288353166041 0.20528919167095
2.712034585157283 24.222524218781185 1.4159948755548386
13.659813358285868 5.77381144259638 1.2523795778207916
14.071828456620844 0.9089471701725138 2.0187115393923727
3.1607000341902056 24.042391576292886 1.5348005127276196
13.2476148668929 7.848618715189798 1.1677161358029082
21.233239767405927 14.072023856625837 0.8074385978395592
12.26484198610952 14.76740199152513 1.2538928609339388
20.783482516832656 19.694553691991473 0.2978869301507801
0.9540099379211131 20.701679674727515 0.5711495986504462
8.007894527447949 9.890008011616535 1.627444380089771
4.429239467078289 13.36136852831996 0.12107925157563643
4.942181119620392 19.8391450004663 0.31358044690056336
21.665697522578913 16.16553403300582 1.3495771536921823
7.02867936205869 22.697310889610616 1.41328966008587
4.320046352330376 3.0670814946415574 1.2222440264633068
22.235735799920096 9.71384835042867 1.3561842125637371
24.190095457977133 2.808046080759452 1.623632022765917
24.559542258123322 8.346419806718897 1.048813029255584
3.0799152028350427 19.292113709805392 0.7019578273783816
0.5025022351780539 22.529003377191827 1.7859751532306318
16.410512945133025 11.34718723827574 1.094252415861632
23.888163020133483 20.294915304238437 1.9856813159419677
11.866149505875597 17.331039570676722 1.026494903684164
16.24641330693443 7.013421110424209 0.6408038163706178
0.18648549304297324 6.676172524668606 1.1561198309370286
13.511238604026095 20.794754756902584 1.0774585192456478
0.7184478818735629 3.6676611606269005 2.2260461844558224
7.327200402046097 5.686139595605233 2.1446290745458723
3.7987791449283383 0.011212900455306873 0.08116385773662686
11.973671215358639 13.945133465239657 1.2259975744500458
3.9406801063641335 6.505364933547442 0.7318078113703925
0.521467396980857 4.783408519540705 1.6793222203284925
18.947501717695015 19.147250972528 1.5372550635057847
11.126260822207898 21.871366125420778 1.603275251492562
20.12051568433161 17.543078865142643 1.1249555081455256
15.534091575446677 18.422472892550804 1.014678141669934
12.000154497682002 20.867542185020778 0.415016643008285
