|V|=50 |C|=50
Truck speed 
5.0 
Drone speed 
10.0 
Location of Depot 
24.12658583857619 6.933877316542139
launch/retrieval locations (V), in format (x,y) 
22.082372886242556 13.444828729267583
5.591842528880009 6.06022988009563
4.700310426954241 11.08017534751847
23.58411214344128 9.5029791617498
3.2016467740149017 10.178017568762396
9.401243695293857 4.372231933363252
19.563105696903598 3.6843313490481284
24.753989319234968 4.375673005968853
22.036236390275494 20.038923468318586
18.651920072398237 8.441319808389313
10.557232683919358 4.893473111189809
24.12658583857619 6.933877316542139
3.101610520255532 16.71991810312961
21.387916615889427 17.16398909315041
23.12688745019366 2.576219160620574
16.465282363940563 7.918072781414651
6.518195949019528 15.260707037944549
0.7600210559664838 2.8356874748051206
9.959041498042174 3.983384865403192
14.623670865158925 1.8265158569633204
3.601491206725088 18.55229157890294
7.251030491798585 18.215821226661433
13.071660297983327 24.240564445043113
4.092998103703699 9.510282411014181
14.743943533407666 19.6203364843451
23.17452846067265 20.11923999868528
11.299782055616422 16.35164126044436
14.031896490540339 23.35512341579776
3.8529888949011104 5.361970637383834
14.395544069423838 8.316899854042076
3.70098559728321 11.714116540202888
15.241665803775003 6.064906899339009
20.777057730167055 0.1556279921213627
8.44636746782924 13.530935297356905
23.258483971649426 0.7065603881522775
23.034021252556894 21.220588587616277
13.83644033041111 17.653976882922677
24.891280276306958 12.369912578112274
4.186236047002781 13.875727502120288
21.097356900084073 14.757979129771027
19.730911859036322 10.916802163112074
23.58609621904761 22.660590607352297
7.56655854817806 22.636188907659534
8.098477609823926 22.911961551435862
16.42554611674859 22.334153742924247
19.486504552833647 7.04290750468593
4.876658982960577 21.796226557287085
17.539180333151382 14.401435651110367
19.198801535456816 9.59142784713604
15.422718368516437 6.506607273588144
customer locations (C) and packages mass, in format (x,y,mass) 
12.802766288349707 15.298577754525708 1.604461092712814
22.51032021277109 20.602330133344772 0.2473241385139797
7.693740600837088 15.560881879135527 0.9291696620274777
20.212199735867454 15.591324416765564 1.3879728426176539
12.996724208654104 6.717369098045081 0.4074326566330917
21.21611700829777 4.278633649898017 1.5487346672755176
1.0740375626309389 11.543935927506574 1.59655964167894
0.5383649216650604 9.649691814475482 1.948899786877853
20.133497739873942 17.927947350802725 1.703502210741389
14.555970723317705 3.0612910957671655 1.7434455631738925
2.6186237821747143 4.594823365274384 0.29246421521148214
13.669082921708261 3.3933522464304424 1.9737438402557768
8.405388178398779 2.5247180470162887 1.4300317291512816
14.97977562317821 21.217217885861885 0.9699488851906336
14.3060670421325 0.3187649092316336 1.898118906787887
21.845334697388992 17.171499591594024 0.3867281424494573
20.518069022672933 24.655774279078756 0.1645265819401594
0.27544530626725516 23.702318579917684 0.829977793867767
21.579292169114296 6.674013346132416 1.2852391110198171
19.435918844255067 17.4970216488952 0.9250337812943741
8.835359544121502 3.8839758994805185 1.5912823689585278
5.854519703485373 23.753287943847404 0.5282766294700093
9.301073576101551 5.588362142109357 0.6807673494999541
4.083390171272022 7.950670066129733 2.2727524167458313
5.327319657070806 0.07022963904647628 0.657412082010955
0.36938063551931466 11.063541891879868 1.6436557213600562
4.294629334778502 2.891038088549305 1.7248466124444761
21.469222273610242 4.867955623247392 0.5992084417952829
15.625996179750137 3.673243115487565 0.3230010173570026
10.757071614225133 8.9467780126026 1.9134623614880824
15.519775749638221 9.090331430547725 2.1638341300912187
14.929256439621593 20.147223510757453 1.0554742130656427
16.092470157312473 14.430304325417959 2.2797408383916102
5.757176204609818 3.1710733695610975 0.20887344738295469
16.675375461249185 9.619394387148002 1.9308572220187856
0.17223429830038883 24.52539378736434 0.4008972840458942
24.403228254514616 16.00660590921703 1.3407156535878497
9.615690480447695 20.476873925457905 1.30223189934423
20.25395522179695 14.088545324401222 1.9459829318509454
9.76254106646786 2.811678076256341 1.8136361331902122
5.9190741953622 12.421479944815061 0.12238566811083096
5.658565854507447 6.723832605328092 0.9727081177933266
20.12003285998093 2.7017100037135924 0.3288450955094149
16.906896095216613 14.915006528093528 1.4447567188026913
3.3204509245005482 11.750394854305505 1.9543259912270978
11.307273130968756 1.3100823676901407 1.3368940206758106
9.504718324190364 12.695448639272703 0.49194939634190793
1.0881105612093571 22.71244890245616 0.017389062974539935
19.890389431993142 17.28180132625896 1.9905577306365154
15.547445227195922 22.118239447276686 1.1930326051289597
