|V|=25 |C|=25
Truck speed 
5.0 
Drone speed 
10.0 
Location of Depot 
20.296836292312033 2.7359883235355182
launch/retrieval locations (V), in format (x,y) 
4.783374031798515 21.57215912079183
2.856049140532721 4.233514805813282
2.035548996539438 17.70802514132708
23.166021951034452 21.71716781720608
18.080946261806062 18.175927363788343
3.638882856276532 23.744910268257463
15.052370088404448 6.7643766048936795
11.599452344041344 9.324193150938392
1.8027392135882059 15.884837289244539
24.693989751043492 2.937397919214768
5.916428808608673 24.706472114212307
14.333021754963651 16.49995299140862
9.009620375277855 16.99345012479401
12.189728030761032 14.59284448302271
24.770447237595107 12.6222453645643
19.133019559385275 4.861438795126985
5.959390133657585 2.6382149768927166
17.597197429192263 6.361095152227103
11.613500289675754 0.7066937724831523
5.958290073391434 15.587978751788642
13.957891946612754 4.51703053711299
5.84320866936276 23.02733363328101
20.296836292312033 2.7359883235355182
7.360481285036233 8.001646243925986
2.4646887502600108 21.47879637919781
customer locations (C) and packages mass, in format (x,y,mass) 
15.536710305959517 14.09048880148625 1.6804360040800164
10.350722121759324 6.825145180677716 1.1400027123587038
18.28798801046047 15.856092937704503 1.1952065584939515
10.02033939752334 10.271493273515697 1.916088406416791
3.9141856135892468 0.05147817753319017 0.7154258907891228
24.49229148891839 15.56279033277273 0.7475707901615055
21.808709112599324 16.64701401353766 1.6972912081006104
18.448095052805463 24.059046870104066 0.32296110078263307
7.01833427056926 20.651500263699386 0.24629906881854088
12.676334490171923 1.9693364881913866 0.9433562687032451
2.195333499894059 7.915938574176503 0.9059538678736867
0.9540687015301502 1.0939547367506326 0.6954288397924795
23.650764632596914 1.7034515192797834 0.5837842356069182
10.448932879986986 11.627468871666569 2.024941549543437
5.462439419259935 5.222705586356577 0.9423497299530768
19.72141524152846 1.518844430317512 0.7105688676815495
13.14901509459801 15.68058847073427 1.80995835762196
16.538681831701595 23.037857763853456 1.9456617262236147
2.7064355751728413 20.630925672224528 1.6122371004771265
11.139005196817875 1.3386769085602657 2.2177783364346912
10.204070755340563 7.442217930937203 0.28258362339892473
7.357268575500939 0.9454311029817447 1.0298012618063173
4.4566381281877065 10.514177528601355 1.865497250229659
21.840683980770784 23.391868394206117 2.240626462544465
18.559972094889506 4.817426049945431 0.455682256353832
