|V|=50 |C|=50
Truck speed 
5.0 
Drone speed 
10.0 
Location of Depot 
21.717273967784724 22.381270119109427
launch/retrieval locations (V), in format (x,y) 
19.22621376345106 18.08647980729311
8.33107097904616 10.70776246993597
17.996002871619133 7.217573700009106
10.453503436340728 9.965284356039202
11.88751390197272 4.581123679777652
17.87388308619994 8.46964380472608
14.389533541728298 2.251175951776113
13.393489536177558 8.053149422463981
0.22520033304434806 7.551158524611787
7.434642485845478 10.421548839916095
14.196132890437857 11.960081207861373
23.289297965801524 16.67617503066926
12.262312114362729 8.243276648122055
21.912964223988922 5.5546260684710695
4.769569004702626 22.517526353784945
16.889618785792216 2.58046761457606
22.184915079617294 16.912941163020303
6.4105718726969965 5.111226634376306
11.663541630015903 5.8935903496113715
24.78256948070381 8.601320339626634
6.407929064932838 8.516401514395078
0.768176861235173 23.447467890744797
5.912899770739016 11.225249311884372
5.447301169275207 14.245657879174994
20.93145047767755 18.27341664780713
22.404602842274837 0.183915006649496
13.715680625794164 23.004392218693717
24.16340307734202 4.6011391583461485
20.85791731804435 12.99668159146487
23.577993070052848 9.66756958113247
8.882742426175872 20.455338289419437
23.172969775067887 9.2596435032784
22.599713552591485 21.561386703856574
3.587415725186349 8.542892498368845
2.9680910902399384 17.134082718094966
7.740351045433852 5.364920889816693
8.397690641064337 11.026771775377469
0.5131302172732499 11.660769130716
9.19134736074467 21.822228019413227
21.717273967784724 22.381270119109427
19.062095734500627 7.938775202952297
8.386397568056548 7.004601170792096
20.270055197460835 10.736156375015614
6.364337367954781 20.441623839225027
16.158492491348152 1.788169335236156
15.824690026262076 24.06296985902976
11.025064419120293 20.235262287313788
7.0275195898239 19.993370363990906
10.932150558566779 13.731698338191075
24.50805440200669 9.094528439956242
customer locations (C) and packages mass, in format (x,y,mass) 
24.80612653151091 23.60954622121207 0.47713570345609085
21.103186891115744 10.660931889629083 1.2044535693135239
20.250070282569922 16.312137795812724 1.6265850443640448
4.330744320413688 13.043938903622642 0.5479113734892298
23.120659763786495 11.003515596283453 1.8269868926090502
4.555514530237156 24.66034283656914 0.874008487565303
2.798282290242107 12.893421233217921 1.3577001893136815
18.79455330244208 24.3164802626528 2.2434132989735653
22.616194928892625 2.5323601299662517 1.4347893138334347
1.8654211265509173 19.06262768495137 1.6872046900685616
5.136546775519618 16.06437610773683 0.41158254576260367
16.10690702563894 8.764312624463807 0.008350534384627394
20.685798364673616 23.72481786687515 0.3031572886148446
23.17550543359526 1.856278815271442 1.52281613220365
15.722356879652802 9.707902627441815 1.1549277789190588
7.531249150341038 7.850966996333594 1.3963158148395258
10.473461894355884 18.925315179225265 1.4368833477939524
1.7197610935045877 16.309374387116986 0.13725224599226027
21.286543034899676 22.968066694639084 1.8609203710017557
16.27380101664519 3.631375293029884 0.09413574432334242
6.076777140295453 1.0097638064626602 1.827859712561996
5.604591276978111 13.864036602634933 2.1127988405945684
21.909490866754155 22.46055307891306 0.016610399255580843
23.09932139691147 0.011291371099775294 0.009053654113836995
9.242163957425698 10.714302606880969 2.122177140303698
20.523669815824885 0.197387104276317 1.6175622803728107
24.89483818420137 3.499848881511072 1.302427367518274
0.018791344579249802 9.605309004544749 1.8543360057306362
23.522474880186785 1.5055147560306015 1.4961757858639533
24.395021969659695 10.1567679024824 2.059758330708673
18.23341637259952 6.35515021635921 1.9784350564287114
22.541334970795685 23.269917949533085 1.349562802930801
22.806370957167267 18.667275979008085 2.1389436857683872
5.942125819757226 9.392267362378801 0.3916206107352649
0.5554063953856991 7.910013553870796 1.1015862647842536
14.09864485211234 7.371841137683768 1.1177937146523287
14.470871467039636 13.843233731477087 0.38920308065013287
16.301590518246144 20.04883108755749 1.1671962828078266
5.594467931140301 1.2149522961337755 1.3458953188040617
3.9766253198630643 20.278846058376747 0.6237425807312029
12.040579682069025 2.133186877672913 2.237677590199035
3.953588544122222 13.794596819788218 0.5770118457699986
12.881286921702886 4.6124698935749056 0.8744109573794535
2.266805072760733 23.316323224301826 0.1229833171668497
6.280338966703441 0.6860321914005374 0.2243062158331213
8.632919797926613 7.223843462206328 1.3341442721353738
13.642040027818808 10.633258692553285 0.5974573742658607
2.1061819999102642 7.4409996669854985 2.0140470625157683
17.78135766197489 12.887259302630044 0.5701779762920203
22.830461429842906 11.603161431242654 0.3926722346962481
