|V|=50 |C|=25
Truck speed 
5.0 
Drone speed 
10.0 
Location of Depot 
24.387086481200548 0.7741933062519246
launch/retrieval locations (V), in format (x,y) 
0.9010364482434807 2.199767035242528
2.4803456899811644 15.251711599139325
19.53035492926876 2.9248535336612367
12.870285744388479 14.078860853276403
10.506632940213558 3.950324142986034
16.737700575187922 22.031930980918077
6.832673356956487 9.668321619534312
8.117565291895346 20.434914288041753
17.055407567772193 0.5459092722765346
20.24171156976999 23.373605543314664
23.95154010273257 9.212402130590219
23.833251663815915 24.932189509595297
18.306521591926646 21.50603281016955
22.734400968568195 5.5039372920113685
2.7588718935499355 2.7773951563304253
22.935861250827774 6.304928236438911
0.14718100693128233 9.129461062862399
19.198946447608247 7.905767121451432
12.866231254415233 24.03895112359928
14.95239192344481 14.286473012224649
16.944690506175508 18.882722399470822
18.80215246001135 14.091712612328259
3.2663004617253937 14.01971783221051
17.295331080911698 3.327002120755407
9.31476684945823 14.645275142759653
19.948923948007955 21.817426476252997
14.270552670597295 10.21199109820238
11.980547615678757 21.80133771845265
10.277939658318614 11.889790075562857
0.884668774789063 15.240434909711862
24.387086481200548 0.7741933062519246
5.683021259521759 17.78219379727518
3.8239827416202994 19.920710850418512
14.975459609296134 19.702595508550168
4.973974667687689 22.075904286237392
22.776317316106205 10.869182582830634
22.002317903309983 23.8780119134061
16.467333869954214 7.975253401797794
10.520498068552966 20.244510295023723
3.7697209493155803 15.28410469460771
5.4196653329061375 24.8673498898601
2.7784133700704343 12.597509961803219
3.354902960421896 13.762209666748412
18.44528325770776 7.6065547027230895
4.3608116617196995 9.978618293377881
3.3759198105520722 24.596666632584835
15.23339931171338 18.615529647395636
12.349247879953607 16.184558265218445
11.332955099771528 24.56422461538696
12.07973105163088 16.449277157463282
customer locations (C) and packages mass, in format (x,y,mass) 
3.5168218993319678 24.186143843365286 0.31850303527688195
1.66447358407307 8.427402973021842 1.4702029509735914
0.6071747120878962 14.727367321595183 2.241734649219884
22.953361017213698 8.471192546026796 0.2414621409296577
22.140858556851974 23.608831265014445 0.6762178828876834
22.77148240238295 8.722078133988811 0.09095949928948383
2.7759855875768373 9.467624995915235 0.3486684715794409
20.269807731133977 16.198616783230076 0.1091132479041588
9.229430231892529 7.149652783420946 0.7237566865169772
3.7445637593023466 6.9602220465836 0.4420325391484792
9.584464740939225 2.8213688680536837 0.03380548814250621
2.7423407566582014 12.856373587724107 0.20130445416554393
6.787418962483679 16.828573284516494 1.5466555388386265
3.771481325002865 10.332930955413552 0.8084152533280239
10.966797343970752 22.568924398250605 0.37661437042062046
7.425213363400015 6.351806344365151 1.9876861615197225
12.095990572269224 17.16723882814107 0.9898300219771093
3.1755671109452988 15.718644726278352 2.233835930166312
20.653131245328023 14.424598914621441 1.6953203350632915
20.95972804361909 5.533620296146672 0.7871071836943718
2.2798645948288203 18.953442936775 1.0828165241454892
22.43008184442899 16.954937160909367 1.2621269451337807
1.97033310371319 24.73029746256894 1.3530854744694802
2.226164663967162 17.75001147590789 1.8602710212119118
10.42607720194344 6.731928558192902 0.20159804221932612
