|V|=50 |C|=25
Truck speed 
5.0 
Drone speed 
10.0 
Location of Depot 
10.766335229212883 2.2762415553381237
launch/retrieval locations (V), in format (x,y) 
5.358410727248292 1.1288568545085726
13.629869213975157 14.79522808156155
0.959570016183936 4.2819280276598315
11.430571395095129 17.882744692246344
24.861384868422185 6.7863400503808045
18.38715258883114 24.92632341660525
7.33525371741752 3.134314936575561
7.000885115350061 22.766998312223656
17.757610154954737 16.241752677355283
22.000701203352875 2.6479123975221537
10.766335229212883 2.2762415553381237
6.3939121302096416 0.9191705933313865
24.256422085537558 21.283559829729025
21.878467326331773 19.144957701725986
19.398655123582405 21.21674737983337
19.715641391721498 13.58288512246342
10.136979997770995 23.12308493013917
17.49052165616863 15.475071255902758
6.401821499359592 8.77877857251574
10.315992344704844 1.352540568628255
17.488101253211127 0.9754199425574289
16.28981435516883 19.684224734306515
18.61578965730205 6.9022435927543455
15.009721312287692 0.26920900127622716
1.4858197631257175 8.82566073050734
10.173239831906717 18.99149073836307
19.74415103546153 21.682291395201542
10.680505060288922 22.966109166967662
12.212446686385793 18.72623523411921
11.032384346409966 14.382804874170974
6.262235310350728 24.723139692525915
24.16476933263882 23.97029161169273
19.613878164287936 8.35145946750488
23.689858741729967 6.29433150082501
9.754218807271023 21.603566612265148
16.552570807318844 0.4891989599661445
14.29360993380737 21.29773563167816
14.074007333392435 4.412439656487069
12.875256213163084 14.023623079887804
18.807975659518092 2.079244096709121
16.041869851414877 3.1983386137655083
20.09397485186875 7.530130367856919
1.2602523664924008 10.161657370553106
17.622502943657597 2.5564647968389447
3.5650463916438087 20.63888084437968
18.258652297030626 22.341196950000704
18.303030139861264 5.802437038611491
11.59897985900255 21.397236983953693
0.5688387759085894 24.900928023114336
22.50263404593994 5.927327006657715
customer locations (C) and packages mass, in format (x,y,mass) 
15.93498753853664 4.934054893955506 0.031090547647121134
5.895730013819564 3.107339529927913 0.7859164155278572
17.793309810583064 13.107910291772814 0.8715845423531089
0.5240002436589147 18.885718692776656 1.980824282782873
20.041286201710804 3.2745247179175707 0.6076615580095698
3.664178427118872 5.058437154409873 0.2452511860427842
5.323685157981394 22.62944037766322 1.1478363769228002
24.76601331495003 24.42350337780192 1.8797722594599764
22.600565714630353 16.24809623595906 0.17398082572720275
22.761206215143524 6.366332286046311 0.5887783476885848
0.054644649076238117 13.13913497677003 1.6792706342570396
13.288138071673888 12.389989864366182 0.7098643070845321
19.53679612178578 3.9830926380093974 0.6277162190424094
14.081877069795848 19.548954141463057 2.2895126574389195
15.85034194053336 9.430545858701045 0.5992193050499578
22.632851922101857 4.460088047389643 1.019340058826749
6.317940424458582 3.4054821967920064 0.11833111450416352
17.87857566318895 18.968097924607612 0.791437264808994
0.4631544439826857 20.02555442299369 0.8744345154197147
19.175876383537 19.389206978095892 1.7046296868158881
23.299212395176248 19.877069252523192 2.085639139800159
8.798668191943513 20.55556739529107 0.0791839199211633
18.38791847750301 1.1382739437658551 2.2931630610029363
11.837895284034317 12.903650055888777 0.21752890996620836
0.6383094812908552 17.200539695123467 2.013702707387082
