|V|=25 |C|=25
Truck speed 
5.0 
Drone speed 
10.0 
Location of Depot 
22.749322414255165 13.786327095810305
launch/retrieval locations (V), in format (x,y) 
5.514491634936033 12.944501922413675
13.763576149372636 8.190416115652004
13.064777660209625 2.469330919357665
12.188812023821955 14.169160115452566
6.575787098910856 5.380198421209531
13.182144775372171 0.2947696652907589
24.611643312346647 7.4803830945233605
15.585586279171123 0.9744357303823725
15.7389233711231 24.405345551968164
22.749322414255165 13.786327095810305
24.062987201911426 1.7929052618593566
14.627495066872854 8.50169545535239
4.122443621041058 6.072559851892939
9.789833018153058 2.6837706140135116
23.613873226514855 19.258264613561153
8.58477953164217 8.765038775208367
17.62675923025772 4.691068431851858
11.572169937479087 22.816317160409504
9.669767284369252 21.528706563933792
13.21081389575568 9.972455776709985
20.542247967462334 13.658410892008325
15.961925566497564 11.25938611304638
21.572218102146365 17.3399798628761
15.915663381942787 5.346152125403475
24.982426506130093 8.09497257160762
customer locations (C) and packages mass, in format (x,y,mass) 
18.497322939481677 13.450404640597352 1.522245218031618
4.564262818191114 12.794240702842114 0.024112128025561393
17.400548454635643 6.054647256857887 0.6014938486760799
13.168376594970766 0.15441823817035905 1.730143467924417
4.962276394477441 18.531668798547226 2.156222969650964
16.26160057579053 11.242612949082481 1.5540746551502642
12.744412335956106 21.8678641527982 1.1464850597565446
17.225929193236382 9.673881466770599 1.7832536550988456
14.335700160359629 0.10400398577196657 1.299619294723388
19.252958028486187 3.6677541161841827 0.6987908231885904
9.826206300105177 0.9167037821157742 1.1061281417724298
23.96474875626822 6.80489603888719 0.7245685486529753
24.451296761391536 6.56551170975665 0.08745108281342846
5.172028546797774 15.231160268118337 1.3085830792393969
11.900032517849791 3.7073684835125382 2.2672574985614795
19.75408650366327 5.192382227395659 0.8584344116515181
3.1984093101082522 18.031898445729603 1.5634676400749097
20.674856091119086 6.689698949658263 0.2808170491574532
5.935897915869425 4.622395371651261 0.21309773496165316
23.51414067704359 20.258924422348773 1.4557929634033473
20.516454786547115 2.275846385656602 0.6460245461325159
1.2939893421737736 3.24174102322182 0.6242280090922291
0.04636620173758266 16.98991918785588 2.0475018311146855
4.424311145324467 11.239935251997778 0.46807025188563306
13.460645964733056 9.741577592170971 0.6695536014388768
