|V|=50 |C|=50
Truck speed 
5.0 
Drone speed 
10.0 
Location of Depot 
19.933995922119202 6.320737806179852
launch/retrieval locations (V), in format (x,y) 
23.568722113743778 2.2973866329064507
10.98684802743955 7.476662725016331
11.261258130309285 12.451651203909114
0.5164897514574718 2.3463798258131554
8.097482327407466 4.198981219982622
0.26207826620952834 18.095674664337462
12.345242754293572 8.59388501272893
18.019204888116757 14.064349736918077
20.631273831247942 23.81022681766502
20.019099521066273 22.01201761176217
13.821783691222905 14.688425669847579
22.122014349730073 16.548175638111715
17.19030774900039 9.356203674780858
19.933995922119202 6.320737806179852
3.8557910077501756 3.159404711224298
10.028685558013606 15.313128658702734
16.25156248269721 3.541818641950767
9.678144802495947 11.497664851827535
4.972160678554935 2.096108409121239
12.948443387808334 18.324161940493088
21.695715211549704 7.953322816329081
18.76503753558476 8.883671308138021
4.68211601473163 18.648720605445522
10.16194575172715 4.749355002087633
0.23283436078146424 1.788275514338042
9.708471883377682 8.87673507169813
10.509813616768593 8.714774120871043
3.8657894414086154 22.90195282265783
19.387263493147085 4.875763141457407
1.0507825287977446 6.451003913963213
2.0614362350931 16.004463655341254
16.321574376024817 11.337340237686778
13.836158047637092 2.3743465587985235
6.462199718056938 12.698746724871423
16.692613979947616 19.887286126415784
2.2395261024690196 22.534241939354686
17.194025225769856 8.045459802522156
22.88949893484031 10.060719641520855
24.258567392303572 8.723305375876809
21.928658030809835 18.131674992899324
15.787973446394227 17.441939476162382
22.405600347771855 19.046738634414346
7.160185480083564 21.58318830113036
23.691103656467625 23.926583929417156
15.867793242374292 20.14123440053944
11.945443423697002 4.931961095671059
22.923224048458987 3.140193811109318
16.976254999223496 3.2185030508674775
16.417259384923575 1.4622664836244277
10.793294231036105 23.536470402051044
customer locations (C) and packages mass, in format (x,y,mass) 
19.242526898623176 23.532618314135224 1.9050146883655112
3.435788810988516 5.57003959225339 1.5280175680118928
22.131660397915006 15.609228479417139 0.7640338202255675
10.230287063477206 11.106442859092505 1.7200480589757314
16.487228292166524 19.29216411352671 1.947081061984112
12.147175333899964 14.36609043452336 0.8588589853863504
20.931222021600657 1.3471679866640107 1.3204362975971637
14.619312358114522 12.462566134486186 1.7702114027546756
6.503049133880887 12.083284948040404 1.110952752557362
17.05294949239139 11.294702459816131 0.8149247873095213
3.3258167706966186 16.64408682186896 1.4485533864016804
15.702288055622207 8.14086533689772 2.273942514723283
12.993565087731088 14.945952066985116 1.7465643140926832
8.309674989874472 9.434776505913089 0.4977671189784839
11.234695058945778 9.787884854206935 1.8214311216437669
21.619144684457268 9.873491557319452 0.30191609952555376
18.325836749880303 14.400234904279028 1.6057938773122729
2.297091449603422 2.7230508769962554 1.3416241630632688
9.111232806639997 15.862135758711313 1.275274027594331
21.011474596740456 5.257230395794848 1.5932033766611409
18.55875327326561 16.837005661552748 1.5820352393021546
21.531901447949846 17.605088919431843 0.6792437926574074
8.01359746727445 3.0416813298453196 2.1743133079926897
23.485835151672045 22.296042992002153 0.02121896046120565
24.870160937919483 2.7017582726453186 0.46895931798686585
2.666243806539331 10.908044157327787 1.4068223726217688
20.17299534171585 11.141413087127122 1.5811829032914244
8.703236655320653 1.2724133936089426 0.29928301408054514
5.575600775078887 20.724204286047716 1.7272935204273143
19.2030371878941 0.37612979511352507 1.6264429970155125
16.071562928509238 3.1071553753263785 0.6336288119016728
11.841610213571855 12.676435529061802 1.2446535413256643
21.501227181767526 17.12322391068109 2.0630031457521425
22.212751977997957 12.570639348459983 0.43240345012306763
20.901276365427986 24.264101626946406 1.2463755758824484
19.751757380524822 12.7846703508793 0.4496032371110186
0.6590900978957259 24.601921533317665 0.655345454198487
2.2618378856866546 4.723727582438947 0.052006132308486414
10.677753179278596 15.05357837703159 1.9569160280586373
8.186986261953047 11.985242402696372 0.9707768312067302
3.0338646240971876 10.485368050876275 2.1720966325791564
17.94184753351198 10.114888333433814 2.116815055926306
16.915458232705262 18.2025913608493 0.4317235184891863
23.228247970189596 0.3679383991229135 0.12552271516503039
24.51743647592834 6.755364005009302 1.275107337556863
21.956064062797918 14.446383512620326 0.537298415279673
18.47581407890274 10.16502407217299 1.212504951733433
10.604637138555951 8.208500232350044 1.181840454724722
2.699891194798626 20.14175276399899 1.6453395539975622
13.463556365370774 18.323812443222202 0.0297032617025748
