|V|=25 |C|=50
Truck speed 
5.0 
Drone speed 
10.0 
Location of Depot 
16.79261871342907 10.509000833361071
launch/retrieval locations (V), in format (x,y) 
23.454070810477276 21.689018264733388
11.863057813471084 2.393953182177494
12.965974900470108 7.853673356444527
5.438420116863527 2.743187456270535
1.082168620314286 7.137294144130288
11.554060897244058 21.197884551161614
10.535500654067375 21.317202805517095
21.514466678805366 20.641845219783846
17.78219596019958 4.046994821333919
11.865620295747062 13.012553371404678
0.8296372958483955 16.331212833289285
21.758130215547006 23.633274211591942
5.562970438462917 11.292291942000396
11.557262794397497 15.009711550482544
13.307285486289228 8.933492587417637
13.744091292657396 20.87809018747816
15.167552706537466 22.04149877775235
21.67216533620456 23.616413302683824
5.545234229855447 23.3576506529791
24.283529292087806 2.031888734145018
10.90417122307666 18.336727095899324
21.41273430103206 11.397706586224402
17.787851295271697 22.96045710613141
16.79261871342907 10.509000833361071
4.825997794857917 2.4806155240815335
customer locations (C) and packages mass, in format (x,y,mass) 
13.756598091634325 0.7445157832801141 1.0668631496629095
2.0669135548159687 10.4174858828184 0.867830330736101
7.143649739114721 12.587180395808007 0.358363699796931
24.639277922583823 7.434158950188791 0.5538289004937859
24.71530553529021 12.465791245685262 2.216355654394404
17.67051944130108 2.321097101915637 0.6735897104834253
11.844535028528625 24.47963164456919 0.5542259075326433
0.14752066835629074 6.633561167231533 1.6548164828411058
8.253448749773149 19.19837727375201 1.4206054688777838
7.136401146736157 7.488326732884801 0.9234430172447115
13.908942395963745 24.5311235178537 0.7895310417825767
13.471930704150816 5.361314288367406 0.38769244081669335
17.431320157558932 0.7286913638688136 0.18060013593730873
17.353797206661774 8.265519624726247 0.12167474087466668
15.271922814317296 1.4234307147371257 0.666049326356548
16.26639988754854 24.97349448977061 1.1754858823094236
2.9702909519734506 24.64853240392008 1.1296873057112
1.39174236704791 6.2992007564184025 1.597766097033305
7.834779688067661 1.339672894480029 2.0206066354085483
16.301453425563725 20.346638737526437 1.2192340016277188
0.930713731257668 23.265942100353982 0.710240174101398
16.7395863041244 23.689370806110507 2.196022245455208
18.86681296507576 21.727877687646664 0.4064686711730399
20.783897333385077 12.74357494554982 1.4580575827190196
14.48956689934196 4.4131350622154315 0.45222594821552176
12.555141320500915 11.116044804148729 1.3271248484933469
9.237003136308289 4.048467769046751 2.2594485582331583
20.324641741994785 18.146926236713472 0.3010707533658215
21.332480487776532 16.294256444819005 2.0228543378592363
13.430091909046515 11.42102755523996 0.34635419361918124
19.91822739006071 19.74693259197117 1.758623377410377
11.564995622696353 16.86850668098524 0.8831203518468683
20.150901768110522 4.189888953901763 1.1701494783538295
20.06855108098626 9.80892559608387 0.9135854891570268
22.50344595156646 17.38991810081837 2.1167777471031712
14.318178186962621 11.782963017783255 1.1598394479743022
23.367363248604608 20.263778942807093 1.3755514409467933
22.971398858194306 24.198348933743524 1.2372461376150143
7.776774955416696 24.469898246184965 1.0170629933810815
4.631138310711086 12.565856383674351 0.536405784630314
17.714398250001175 10.295138436940027 0.7525514286082977
10.044081095224453 14.1130856946361 1.9055075528763539
21.961831623832513 16.675515308547475 1.1261142277705856
0.25659230211110273 24.579790045602838 1.0679649290048714
4.527383716534556 16.09030536644309 1.56677618921393
3.573433629632547 19.776946250360776 2.1506166267961353
1.7572442799748067 24.31058894452816 0.5433366187015745
0.6707796581424147 15.693272701867702 1.9583882645024124
0.06342130256733192 20.87031785206179 1.9263518317568182
2.1696433694522814 11.231498169093769 0.5560352409430807
