|V|=50 |C|=50
Truck speed 
5.0 
Drone speed 
10.0 
Location of Depot 
14.826233016416118 12.270514040819752
launch/retrieval locations (V), in format (x,y) 
22.624378367754886 7.728097324352515
8.915201879274726 11.958717152494355
9.542246210703558 7.518514101672219
11.817152627094565 1.0920132702977703
20.504872862875686 2.4149988680383623
17.49993594552286 24.807866713666588
22.71853361825908 5.797547675130069
14.826233016416118 12.270514040819752
4.158203715774008 10.06071323206135
12.017853608797136 5.479261133692195
3.1486148834105943 3.2114390358325027
19.093519057230765 22.94463628102435
16.56638137573369 0.2406942733753803
7.6695157024750795 11.735566903271993
10.87359098268543 15.7215909454318
12.45422268151678 20.24274758363346
13.079739844447316 3.3971597198516528
24.115777261835856 20.47625395194164
5.184886829119359 13.91309496555508
4.177329480541111 5.958254761326562
21.03394795833525 21.037691334773807
19.014966168790924 4.278899192003036
19.540521083331587 12.434791846166068
16.649229525072833 17.926788218106246
18.030576062603643 11.317242707157485
10.241293842166034 16.52963930769097
12.604656459231608 4.939120699816107
14.592370353821604 8.032052299242437
3.212019808385122 8.31716110933004
24.27390409882791 12.740972349953095
20.724358744499614 22.918988870497657
19.86867757726464 18.120690669690415
8.553673692567648 24.769660605850053
16.44921388725092 7.197371611774536
8.812624707648148 4.387648529441757
20.285380232061915 22.472152197260698
0.5933362871975184 4.999302154792892
18.666687993881478 2.1991760713542337
6.087265514074211 16.834333457829956
24.085817814844653 22.24463518955325
24.298733444518458 19.022017454256222
14.059546733743462 19.72231508589732
0.11728421182860549 24.618768060103196
14.992631985218893 14.379022494018814
9.781226468611957 23.927966312656356
23.332721221817028 7.061430937570487
20.275596309583623 8.116615437754716
15.688888958410654 1.7850539224788464
20.330023285637793 9.187646945194707
14.181224991298624 16.586035854516673
customer locations (C) and packages mass, in format (x,y,mass) 
17.079764570273042 10.783385373397147 2.180886516293602
18.981462780245117 0.1650449494308287 0.839958741615079
9.938104926739797 10.584704007122255 0.5102338276036487
10.062752274850514 9.324312666403758 0.8664434117106885
18.249877809836423 18.98199940185352 0.7119845834844067
2.9412036289187093 2.601257162801801 0.9908361558804424
21.613255759773534 4.617066154136934 1.7865836817559324
7.0588153111637855 14.80008413269123 1.2256912489876854
4.835283666505758 16.44625001111926 1.9188412739239495
11.300083752501298 1.5779436626355503 0.7311725351213353
21.18125752485691 6.321774530167149 2.264302349467048
17.955775224688246 19.134861064546403 0.7378358327263145
4.213244286889764 6.9756784627335895 1.088444383281108
3.7635581454607268 8.759037805030175 1.5914174199867859
15.711395175050225 23.925068737628653 1.9366995674035776
6.723622839984292 8.064440174277804 1.7133803759053938
12.754143091767142 9.757731446777557 1.2884017238233507
18.892039142512715 21.919379224415586 1.7413775080304337
9.17950828280654 13.013361849883953 0.559371354647887
9.101837347688063 22.71406579506028 0.4303741660865071
4.429016574251529 4.256896601430496 0.9582338785789354
11.91818736697633 13.801219141336714 0.2702892374494502
5.368149175299972 11.701404379105925 1.7988746176790065
9.021529457388242 18.560590877162642 1.8600914753236113
22.773175582809287 16.33971333472653 1.8557810027096708
20.61391964998757 19.524951350219833 0.4454582722538893
3.864624709346687 1.9359813114546127 2.0381640514563593
13.205285635759104 23.318425408013923 0.09066535507698867
22.60417240185171 2.7575943996537235 1.1191843774639594
20.697390385369545 7.2639864415721425 0.5961686974090556
17.48273925942925 6.034682306392483 2.135151567790014
15.520175874969294 20.171930632812852 0.4652256147591601
9.58652901504607 6.15179980687498 1.0732125979576188
15.229167862572654 6.208170007963243 1.9121745796869387
15.026474084422981 19.77959328698577 1.8657795633845229
20.421403286965162 1.1441331144528222 0.8953100977602405
19.366756777223475 6.515556767393998 2.0756268513472116
20.756540481941528 5.449348766395213 1.8509938670988175
2.4857691117037617 22.027089148910743 1.1793713652623912
24.553931693616633 22.604779501983703 1.8951007292353157
18.13815810454858 12.752531367487762 2.014926172510254
21.35419138028076 20.124949321489368 2.251853378805976
9.039797022206923 15.622477289423593 1.2655054823722873
24.35042770414876 20.936339823738255 0.8117088730673777
19.848332357456858 1.4518602993889655 0.9745518476175525
8.263197687512275 7.926209374551127 1.5224615457756545
0.8989915508570256 14.672339768835258 0.21235938715068156
9.133889288555578 3.5513117939231895 0.31856963908596475
17.214828815647774 0.08069435120778012 1.0606794873666847
21.073305912367232 13.91514129580865 1.3887659767763545
