|V|=50 |C|=50
Truck speed 
5.0 
Drone speed 
10.0 
Location of Depot 
0.9316969538001818 4.661759021776271
launch/retrieval locations (V), in format (x,y) 
18.179495841860977 24.51107982051228
5.631535629988107 5.190311393943622
22.498556546276717 19.22490986499791
3.0405221977861747 16.27716991485752
23.71294065838992 6.362928985989844
20.408968257053616 15.067207830286772
4.624837781398219 17.09263272145715
1.4613435184605534 18.213149026242203
24.75648347914913 7.066368236262716
24.67590387351169 22.978104025826276
4.587704292597175 22.69561128081338
14.162524628166462 7.583764360925696
10.712134563824211 0.9705111111248554
5.98023185718268 19.67483455596339
15.318494368863226 10.615306540625513
22.388786549122823 23.576670412360418
18.64698561259612 8.179538285141014
5.78748484729045 3.3226344571362447
14.311059955150219 8.516559362361933
3.517051183466485 1.308590625542222
4.3112945744395335 17.61368289815831
23.440198963110028 10.893247495324083
2.540691950308502 2.198383466090487
0.018328018258495504 5.024804303178357
4.901287026618936 10.23551399840702
8.280020668888522 1.6556424704732646
10.781082920327597 19.2818889910842
18.909754980380647 3.9976137873147355
17.163324916797745 8.36695064898123
1.0330957025640908 0.19186929480931592
8.109474168729028 2.6511789894815783
12.415147306582123 11.300224180024482
14.667848475106936 14.245176286680508
5.395768437582412 16.068150753630423
11.87267883920845 12.898548992193156
19.167574775165093 0.08046517466248904
18.875998970121604 17.618049389509313
2.4832031203200486 15.687632919832012
8.80666197247896 5.211789248263357
17.144860022618392 9.566217613337091
23.456689025025955 10.22326487611258
4.270922166318755 0.3982742740685441
9.296571212584407 21.903195623095023
4.612354682525963 18.820473941924828
18.8628370785899 9.545248948090574
23.205207063431494 14.184097834185
20.17180153978767 15.528237962888298
6.922121923308161 6.137148293396103
16.953824018999768 6.68657533566559
0.9316969538001818 4.661759021776271
customer locations (C) and packages mass, in format (x,y,mass) 
15.960443740017102 6.388686301879254 1.2314357245436347
14.76797650939654 10.36343155548872 1.2412352546277472
9.691890123497263 15.420650853507881 1.4349485669291153
5.007073984398128 12.315050150318148 2.274119220107158
0.38162752924211507 17.507704920695105 1.8985610641948174
12.603188388690665 23.3263102240935 1.2669660281669626
1.5961208156945572 23.192436943250204 0.45629482351874634
3.7396151524869747 23.377521842769145 1.670894837693968
13.373576737179246 7.5355020703012086 0.9226665882307378
21.381855245322406 20.844277877078607 0.9474083429778458
12.971186702413434 20.128962858054678 2.111377326848573
10.576190721829112 14.979444538236663 2.037701304407479
6.8198011658558215 3.718247659807128 1.7962327275918757
5.349419568493142 11.910864479603623 1.052667021670883
11.98579146178628 18.27365484349238 1.4177283941383454
22.62202233092246 2.4459649119485896 1.0092515061774008
10.354076852193922 2.1027059695851893 1.121346107260225
6.649505628879507 4.664049494396264 1.1191955041273036
8.907160938195108 9.770595551020747 1.1727550815208716
24.894759865400776 9.597569019977698 0.8058374134003041
9.888359273257077 7.899279104548141 1.8208984470684217
13.540058879390699 0.37089941783484404 1.2929389068442885
21.741790519327235 9.021742433139924 1.9970680419518665
20.62757202267104 23.46869124426939 2.2271819059584814
16.602632504258384 21.204656761373588 1.280781622758919
5.550286342462033 20.643128036949264 1.4718229515010066
5.1733981343124125 7.8415725582013955 1.558998292530392
10.318720793870012 0.8807117230472894 1.9966744157514273
6.4649981756788515 23.488913228259285 1.9766838757753344
19.655483982823572 23.3045010667934 0.12902786704823807
3.3269022593730604 15.054836392473828 1.4496761308873405
20.683254416958796 13.944233407952783 0.23557065210028932
13.724380698944538 8.198855952492282 1.0395570659907967
9.481454597624872 19.346121076087073 1.2566632822452357
4.9081312177850585 13.161339411708632 0.7670709789660459
0.4105267050889455 5.2558921313020255 2.0134470190764215
11.526637656844962 6.759607870955605 1.6160614542666838
12.09151575324739 0.9649126719739887 1.9149518544325588
0.5401512065049324 9.63926175806952 0.09886406108551025
20.357898869413482 13.792956538926276 1.8753268989571115
7.460862655219305 18.444941056935715 1.67575390105078
22.33859963179483 19.04494950168557 1.4101058904148251
0.39740240363970725 2.866071170446033 0.2531737952141464
0.4406009801972227 14.962656207103207 1.7836336429348654
14.724668845869152 24.901692994291967 2.2743775280675758
17.64201859783416 6.150645139113312 0.2133007625020665
20.27798651981142 10.207230775020138 1.6164908107572535
11.491183959285816 20.86456708509634 0.5554570312370913
4.626132696231947 5.378741460280779 0.2139252164183303
14.857921713380193 19.811067871928064 1.956679839329695
