|V|=50 |C|=25
Truck speed 
5.0 
Drone speed 
10.0 
Location of Depot 
20.77129604700986 11.80866838873453
launch/retrieval locations (V), in format (x,y) 
19.82459239394255 8.651944049413007
10.316797732388524 4.879044771758778
7.024125016959312 14.340229233143683
14.177811069309316 5.59754557244713
2.494818656395964 20.243473066153477
6.483943660486887 22.724800001737098
20.77129604700986 11.80866838873453
0.22993166743471016 1.816033337962733
6.1906569155587094 17.24926627139238
21.882278025068043 15.615859019800574
18.289973931420356 4.974120071004864
17.397131599692155 19.833339594129836
23.386983818166822 4.919344958018926
0.709365739192705 6.4272102500246895
24.587853112212667 17.86076398834573
16.251391114498446 13.64042886143012
16.68489094633868 12.027160637113553
22.598867792521922 21.11332854862591
10.527409352298536 23.21498451144092
1.8682560308942024 7.555897463604544
0.8348422614113671 17.677970413753748
19.395250759392223 15.67639411307353
12.304849470925284 20.31667230862937
18.618093454779068 18.249474954705043
24.4999470724616 7.138143521055537
2.453986056386104 9.023666854953452
6.268769610721464 20.471773630626195
7.874514748254738 2.6580250209153613
2.233536825487048 7.68493877616794
0.2704624945740919 6.624511177191536
17.2356698296503 23.46156972489232
0.3431537957375691 2.3733329103161753
19.691558111944083 14.650543231118613
1.9261348354607049 18.38049535206976
3.7980526856622845 10.731807061248382
20.22382511820359 1.8384948216130543
22.64990754121038 22.16739381145938
23.420145367172495 24.5080500054289
23.686830919759963 2.3873950742949237
22.540576501116064 23.61917612134236
10.856326473205169 5.320573554906483
16.501123071623386 10.462479253241035
19.784167306992686 19.651957741216435
16.761302882753128 24.234685999953477
3.959023519839608 5.551948707712434
3.432887376579602 23.19399330288623
1.054042255364479 2.0556729405620757
4.541135411601537 15.544753143422454
7.355084367538342 23.27821886583596
3.4304268818237063 13.404063883938772
customer locations (C) and packages mass, in format (x,y,mass) 
13.459269154449835 2.6959137932589194 1.9011974340496276
11.374307387412644 2.22267501523494 0.4409853413566388
12.997932592599454 14.638992932123267 0.34220469761132594
6.652609753804975 23.32804957716731 1.8796231527185583
6.847038039824291 16.96648070455042 0.6036255869979441
18.712098561721145 16.653779948267445 1.324597158031084
6.458459180842829 12.1093613768973 1.71439667349179
5.2037997428213 5.554857318439901 0.491945297695732
13.748129277814645 2.856363651563612 1.1927710958701
13.430549610975277 4.666744940922396 2.2926842694246705
1.0416156133543852 24.64320267930775 0.03712463971395327
17.582010745793944 19.332640032975338 0.4907457702465782
3.1658767399943724 1.9002395403800276 2.0953329079394445
18.760502926215867 7.2459051451094245 1.569211441195827
12.001515913509891 18.368715679199262 1.593360450312702
6.228397868180285 7.385002993648299 0.9223396787472069
8.565169701595284 4.2806881077045915 0.5448745271282007
12.902526952969879 23.00573066799037 0.32975728398866994
10.137524497955946 14.544936283004056 0.7190103463730333
15.737332795224235 0.3435077449248064 1.4463676446292815
0.6541817397462679 2.772624048007963 2.2528522598032454
10.919022446178847 10.53454994366771 1.7330143639764053
8.292710146485385 16.950812118856394 1.554977024602358
18.43370446116536 20.28771062526432 0.06413198837888107
15.771531677918304 6.551842258050994 2.206006329495806
