|V|=50 |C|=50
Truck speed 
5.0 
Drone speed 
10.0 
Location of Depot 
11.980689665477337 23.025349076542707
launch/retrieval locations (V), in format (x,y) 
18.30347754691874 8.415803101758199
20.905200765397694 8.773166385099135
18.962272173139016 10.484746630257474
11.941229418002155 0.5025469935968446
10.418017913682535 21.96293048690196
23.810733215132814 4.705678056501086
15.983392405025032 2.041106452115668
20.283913489813187 13.612293193634855
0.32266919706755437 1.3037844757662231
19.830858474098104 18.539966248336555
11.980689665477337 23.025349076542707
18.06431386551309 0.44655365442721473
18.443802881034895 17.609616635130738
8.79371387340108 22.699955623922875
15.830692339760363 2.4508258239936467
10.661993269657986 0.735287337641663
22.234480046739577 2.843369804606372
15.52565724552926 7.048650682117116
6.774757820641808 21.940210467782244
22.666123889168205 15.275417499176362
1.2852931300527226 11.036120129879501
15.905379441407435 11.21460650498721
17.345438323086583 14.868295131502403
6.711974882714131 7.3428938622286495
21.77772112491404 8.41942043376028
13.796996668070408 10.830606370353657
16.602289622573828 24.863053339946358
3.8226105042934613 14.515059021352105
9.486590264388594 2.201700085774
6.257468161063212 22.7182134420908
12.332491498364284 17.9458730331789
18.088664502479954 0.6560873330267003
17.74180158623102 11.609075643917018
1.9868073594160012 23.19399463414755
23.78819005237604 23.113253952466273
5.675177290582087 7.912339287360942
11.169588961478627 12.66000132996056
17.354424600527018 0.3444237160233038
10.626917005866057 15.850035435689405
14.712350087297876 7.181494231516644
17.894518514408997 11.691334439394597
15.140565770353675 14.387785489945534
16.7854379394713 24.917156079107546
3.644082071852492 22.789470069615486
6.7024708830274475 18.05979547891125
19.726221721838805 0.3020078455142128
2.0119931717890864 10.985335810039581
19.133902427022434 5.164362346984386
16.513981496021753 22.76528182475092
12.573871056615182 22.602398094501496
customer locations (C) and packages mass, in format (x,y,mass) 
1.4320721826858258 19.1042788403854 2.204802864365304
14.270312235852101 2.123622228999361 1.0474894863570852
14.897269413857941 8.28993721244498 0.9419952265320499
13.33377244289548 22.772081811694946 0.35694482251618986
21.071890210923375 24.67983594547001 0.8021312943494785
11.020309157904096 8.450749346112648 0.06710851862487675
22.325552485435093 19.373599540217718 0.31253349646297685
8.34094917206071 14.778855254885565 1.5427200634241935
14.55061441457883 17.3237162361938 1.330433234229685
22.517029895467818 19.533677243547473 1.7737604462920131
2.8666818770302305 10.62433479751837 2.1697567480622273
6.8712684919109535 9.6788474138651 1.9536338991357478
14.554726943164606 14.333991391707759 0.19576256568055414
24.721970641642486 1.2212774269149518 0.4138052125363585
13.552415649345791 17.169519397765885 0.7587481137490912
11.895868822695268 17.8742911543845 1.6614103658870087
19.90579930930451 11.932618644653628 1.2060438399922915
19.828599919108555 14.482666077474004 0.18411834661479212
5.137074875273245 13.63057324392081 0.9678881642433441
16.855233889058933 2.191159285405936 0.47991024863088994
21.80515151796583 2.908293160278688 1.4028776756700447
22.281064615248713 12.980272914902047 1.4057955190070952
7.113087290475581 21.82603009640531 0.3412424246564314
24.65514671115347 18.970161401909788 2.280804145215674
18.671599081289905 4.701804506340132 0.6532424671781161
13.115411408960822 10.800731868586148 1.1020499010006464
3.155960953204917 23.21042678639343 0.32093063699790814
20.29979871360689 21.73488234806929 0.33616389809358593
6.997315289586151 8.740795026540338 1.0160649369160013
18.148817343811796 16.8144960326373 1.4922629852438698
9.07416326322738 12.902101667448996 1.2472819803588393
12.742438985465709 21.446997560384467 0.44910059019654675
18.796340395174386 7.100020643738403 1.7613116553560855
15.373399431110116 22.371315971922282 1.992604149084992
5.064742465676475 3.139093615708996 0.6217111807446566
16.651079538631485 1.5878721323051015 0.10253580770919307
1.1718973802681054 1.9579643152565718 0.5010703177116165
20.07454967848245 15.03645784868129 0.2278957814837733
20.16841525780906 12.930771815736616 0.6263133043053476
6.675510025305876 23.731771745734502 1.3028055275657522
13.683595924389008 21.07244366536559 0.1498686031011216
1.8242766568570241 1.1035780585002986 0.25453274354954253
13.18116641656381 9.5658793546227 2.162294050977077
10.58753978864091 7.489541368636391 0.3785572291834127
12.767767964149257 23.45391370543555 1.9657316144239325
7.603520890796525 15.612212622049926 1.8510361344255508
5.005288972466279 17.089683260732215 1.6679824232479672
13.394797591638172 24.862791972264723 1.2994308396373224
6.421272164314551 7.652851612363046 1.7762414615093625
19.80351527453155 14.233637327657014 1.9295009108626315
