|V|=25 |C|=25
Truck speed 
5.0 
Drone speed 
10.0 
Location of Depot 
2.2451479591221317 24.771024770912497
launch/retrieval locations (V), in format (x,y) 
20.296429416546864 20.96783894961809
0.006110315353829998 6.660457033844031
16.634331573549318 5.999688532527244
23.703748404370312 2.3069825253397958
11.00403880365956 20.95979355301445
11.899025902671912 12.441495705091073
14.457282035473845 21.595993364599472
16.63971003551128 7.474825471436352
10.829761485457553 13.112864438129309
7.890000801829086 17.671596284477946
1.4437728239899723 11.97454113359665
11.618637350135884 15.979681559604058
20.322874054541664 1.9464790751982375
24.14469187581319 3.626943087442802
21.331431575297362 24.98936238105436
15.715900944585831 14.472118051053794
22.823537891506867 4.19755874723183
22.231311902938256 19.501022086577514
17.354699445602883 14.546765512843566
14.955782125590716 6.671429616705196
15.974374242004751 20.434481997839864
17.01675148383254 9.355758575397214
24.189942783660836 2.4588898993984087
2.2451479591221317 24.771024770912497
18.846005687578295 6.468335390566366
customer locations (C) and packages mass, in format (x,y,mass) 
20.168719525355343 2.1680839207964127 0.7622859160732346
24.077928998032526 23.518720081626576 0.36675915820206184
23.99630970941919 19.138210382526093 0.22436778096300472
11.633990417296486 11.649039197131527 0.9987451603975606
7.440499081757804 14.756710268515988 1.1823434240233015
22.435903622520847 23.71647503506415 2.193733643823218
9.449075052134075 22.50894060637633 1.570489648726748
1.1108953802825117 19.834488485213626 0.6151981745682924
1.905573786487122 18.486367200251998 0.2693907971833275
14.432195513792575 10.510975504862127 1.307579679187458
14.406148821008546 22.577907371715224 0.24407192755498916
18.36542021336269 21.507214294406268 0.8528966261537816
11.41143678663916 12.788795016185697 2.2209130655915703
4.619844970926571 15.085067554338286 1.2437298195004987
16.751374704222144 4.119427744486784 1.6965318521068686
16.409457571875777 13.897458579494279 2.0310794039337425
7.060580187363471 17.442112110727226 0.5331031445088196
12.139946080534585 7.788139622866205 2.2977660296113434
6.091437177586123 13.446370470511573 1.6191616999205138
11.873624021056662 17.132131437337016 1.422846105999267
13.430510724814354 2.315205804796247 0.45520819575837546
17.200365736745294 13.357271114574818 0.7039225440223889
6.47227342527178 13.491623783184068 0.44112250610737164
3.9278829445034527 13.820879380073443 0.30065834025290583
13.322858218555291 8.160440262917106 0.3529646939310335
