|V|=25 |C|=50
Truck speed 
5.0 
Drone speed 
10.0 
Location of Depot 
18.429220810184514 0.9089351998959522
launch/retrieval locations (V), in format (x,y) 
4.397496113202864 8.850750809074292
3.8190382220119004 20.446611081802402
0.593526512087944 17.360998388051367
3.715895740751213 15.365400963643042
20.658765668067815 8.339290882339645
13.190583381443254 7.187411067264707
1.4080801022539668 15.195264073749643
14.814425174786711 17.317591947235165
19.366790234869562 23.577028577727557
4.74879600784012 1.7973032829986024
16.732520165920914 15.44549645088778
6.258130112670848 15.20614369563272
9.747954362394529 17.25967050416309
23.21762992672081 11.551066038683299
23.239010540247904 16.405144759933396
24.3648103023453 17.865648569666355
7.2636248178287675 2.3460146210484423
19.00224083817987 18.452629423971818
18.429220810184514 0.9089351998959522
22.375261541681613 21.46866553362836
17.213924829590795 7.2150312715895835
22.23452078960941 9.569628822686365
23.292482609385928 6.686320271781843
5.115066368407425 6.206257575545618
4.2854276846307995 1.8579919721569556
customer locations (C) and packages mass, in format (x,y,mass) 
14.127892670651775 12.49230507873134 0.7089516492809557
12.794095672645579 23.383352324166136 2.072415082321912
7.03288443610543 21.836157979795907 1.6277828526932692
24.815944620004586 7.066837142026719 0.51711433232258
1.3424602661051166 3.075257208686652 0.2463014022042957
11.73094519990078 8.911194990648044 2.0378296893003323
8.590179478687821 19.67989600518905 1.5807447497097284
6.840690669999782 11.514725052400928 2.29056242845806
14.635260913866341 14.274411033486228 0.2633915064964766
11.631370656419035 22.023992890700697 0.8139385876936625
4.256273966296112 10.05881256259474 1.4749845838450693
11.13026921231845 2.1927858177378856 0.6496374808412796
20.78552639075358 7.423338079999267 1.9175273564301858
16.316796466360124 11.67281817048376 1.881409858845173
1.5705742464036527 5.125885702083038 1.6354777685841624
24.651255620700145 9.048662782038344 0.07120077813489412
3.662569089954537 22.20401566959074 2.094395023838008
10.568519675811604 24.56768973126148 1.0102518369978832
10.284128867616937 18.512257744264954 1.613108318166103
20.207505902393823 17.469623553741002 0.9583411390608902
18.979812440558494 8.60070031420297 1.2263153206279875
13.739493833793045 17.960013671512847 0.8126970064562477
24.14310816893491 20.657702094848872 1.152404605431594
7.3418627314280895 2.786091334549201 0.5475619443557062
13.539633299783505 9.743923325565373 0.7590927546219065
9.325054655258738 12.74562631788906 1.1214641627530098
4.683660866319583 21.693445907167014 0.48508772864084354
17.206316830424107 6.944003648994965 2.0660539864234915
24.880737694563752 2.045326723807575 0.28153030633989967
1.0006298027640441 21.968212493404764 0.7241232104599399
21.259071559257556 16.598559765468863 0.7447920135046181
13.814047139845034 0.6741758277241772 0.40985868935275027
22.66782599359793 10.785155747008435 2.1870181869741407
3.776407029743592 10.217731357397453 0.6488816805612204
12.169404005277471 4.138816142168123 0.41200798420995116
24.55361154217119 21.381458431385674 0.398870247236948
14.410934678827147 4.326099696210198 1.8510520308284655
0.14282705055094214 1.086247364375087 0.7768374339417176
22.450944408299105 11.211073007327036 0.9418802963236309
8.228870202290715 7.725037708463334 1.5791531144857258
23.31368148113402 24.528178657706484 2.120901090967054
10.769036928173886 23.525041092057634 0.17536701427623858
15.288337416388051 9.455832249392232 0.4525073629464276
6.7847126466748175 2.2221654354896563 0.4109619511822951
16.068993915768036 5.76656679582192 1.7242552975815564
15.70553270200621 17.94080771245691 1.4626103063640827
6.025128302831506 24.471686614202014 1.8689614806669232
3.68398321093695 3.176393386159962 0.004077306755102916
7.549725087254624 5.25676662927243 0.37115251085220063
15.125056821253397 24.077974921619372 1.0886553307266003
