|V|=50 |C|=25
Truck speed 
5.0 
Drone speed 
10.0 
Location of Depot 
0.9146002002176523 8.549123400333395
launch/retrieval locations (V), in format (x,y) 
17.60703047242472 23.28725008100796
2.189423287667744 10.904128563316236
9.665918505238663 8.214206641245273
6.713874663065836 7.012854894099954
3.089079989856977 4.396688757143638
16.031401739836493 3.117305538744408
10.169678834632093 13.15710544687842
16.03439518459555 4.262407840196422
22.87230626633093 11.376999788133945
19.24017734742894 0.6844755966992383
4.151949757884493 23.405603606187565
19.18692044361637 18.919968729391385
22.41248739668593 14.463580075502422
21.12790013887475 15.624743499773999
21.6072892137753 24.42906185543143
23.387023376465066 12.127072760441818
2.5053635858233223 18.255214509820092
18.028714586445858 22.865673476456667
4.810387111963515 2.3428431590303083
15.94484522740588 11.282424915579355
21.512557384095494 23.582994086144772
1.4419826508085904 19.403455843612925
18.29145786718039 13.342943191790798
11.785815779449774 12.073033658468244
6.802730178289298 12.182475302445612
24.264864735980936 8.866343639336527
7.83990206159576 17.599541250121746
6.973455226484878 9.08310233880258
19.287920638037402 19.150241050905183
9.632849056048542 13.856019260120393
19.470715514678947 1.439549128231807
12.002011929281108 18.50435640195452
8.907675388876108 5.593119174748493
1.1637040214739491 23.547995557051763
11.016064593072212 13.288196738730946
3.4778587851753833 8.626014258264055
19.55897208747234 10.27124553198483
22.114525756774032 1.0492803645458404
18.232410612980708 7.232369865673036
1.3444756336188302 1.7658626766404117
12.492077486315036 9.560384986195873
11.541739496484983 14.798709182752406
3.61248826583245 7.868357921071281
17.29616855689074 9.542707189085286
23.66856099351846 24.922610213507596
7.640804711510202 10.856873064690989
14.25404124592841 19.27283520640701
0.947498004621869 13.742374043785558
1.5153658960371685 13.898735245900761
0.9146002002176523 8.549123400333395
customer locations (C) and packages mass, in format (x,y,mass) 
0.322135205835003 5.95070311885367 0.9832600398334895
8.096850019219978 22.690992473269635 1.095182785008014
23.123280662860317 10.489416006679718 0.13148114049747006
11.516136997411481 24.305022831633554 2.1214001362304153
14.186911627053089 24.776013676154633 0.8036451489769387
2.387392275483702 17.202545123162043 0.47857096956704603
20.29858306557075 22.903232144903125 0.7102409469863601
15.15634808991967 20.64484415670583 2.0400620199022694
17.583867296554608 20.988991257618743 1.2748067205311502
20.673550594028182 7.028361776089042 0.8914088523714007
5.0132594615132335 0.192816896970055 0.5436012545918826
5.8057910895879 20.062623772618473 0.16111196488431645
22.673564712530187 24.865886472434905 0.022606069116271263
9.250307627823382 20.87272387826344 0.06981654596900011
11.774837430298813 0.465459178760283 1.6360321299248402
1.7302334439485172 21.653255880832923 0.8148123437993184
1.2256296284664459 20.22289937724223 0.22355967815380706
6.3219187296779085 12.482385642018118 2.045717134469533
4.788882534419139 16.459182865369666 1.3344040305500648
6.917430578721287 22.114539659416945 0.6083669337413646
21.445157131800357 8.550994860548794 0.03794960611897524
13.19353115512649 15.544437635126885 0.2186594265082627
7.4532862517924485 9.436706130285929 1.1087909610242839
2.400737642369097 9.70922746933871 0.3206946264360518
9.735209849893181 20.688749215824206 0.31691884115969804
