|V|=25 |C|=25
Truck speed 
5.0 
Drone speed 
10.0 
Location of Depot 
21.607813095847142 23.615597221407995
launch/retrieval locations (V), in format (x,y) 
9.28814123024605 20.359639504874043
8.351593338621818 0.3693476642142396
12.053709007095426 14.778113650651356
4.292344284448349 12.75839576396485
5.6824330794404885 3.701745442248361
5.999616363332424 2.3488409948844713
14.033993129407873 20.4765918832886
11.942843928561365 15.713922067155483
21.607813095847142 23.615597221407995
17.718622177781874 14.613643006318888
7.238566461924031 14.31977357170643
21.03495262144892 12.745346469261357
18.192452040841758 14.798191274683667
24.56732433894197 1.6547706460719875
15.494019537445464 9.708354465712398
7.231745228690589 2.522475653483422
24.517470572463633 9.96673633053701
16.02028391613107 16.122439780898784
15.58123608864806 17.222383711211073
10.035033500756402 9.196670199303943
5.570872539035435 13.366831551192767
6.506741468865906 0.07017505188854911
12.727290646811989 22.859458031038926
7.4682349963205 21.589076690618572
14.605682933050169 22.132917858154794
customer locations (C) and packages mass, in format (x,y,mass) 
23.352471270978914 20.670192596838717 1.1564119302611824
11.070174323579257 24.689025757942478 0.5684559174244719
14.347338233180931 13.610521904602304 0.06238724373600388
0.6225610341336868 9.938816865190683 1.794923273933619
19.73240395502441 7.979441076055513 0.5377401386230366
20.196353943103595 23.550449108769644 2.1668237976237354
3.4671797755473133 22.27148758473873 1.125427141447956
3.1833122766831674 15.245528325324203 1.6538296606540956
8.79979310257706 22.14189314005568 1.9535110126173498
22.17890798909131 14.573129378562827 1.225021065171195
16.741054069825992 19.33711453652525 0.8349528614994399
10.783460122258473 9.298637627080792 1.6913877743124375
8.512079742542426 15.994267492355188 0.6723648005310361
21.407989873743862 13.548247443582461 0.7406819046360519
2.373099947555954 8.560297207771983 0.2458028084816937
15.675549485447803 18.08362023609878 2.0973422397690564
1.713189928496156 0.03788148923059287 0.005401523353825399
12.744859247073764 14.806928046540921 1.7037022318754984
20.012613719320385 2.66243378213305 0.47235551368818557
8.048298865922945 18.727466176334723 2.284267599556364
18.247145204742697 18.63297349079823 1.5175250626317314
18.638715901072935 21.643546377877286 0.980948307931938
0.19709898092090394 5.893048407223761 1.8100555591392016
8.538421639445698 16.133503820774592 0.6639944504344352
20.78405783887346 8.01337645506533 1.7512612668688077
