|V|=50 |C|=25
Truck speed 
5.0 
Drone speed 
10.0 
Location of Depot 
0.16424293540520662 15.631902310574782
launch/retrieval locations (V), in format (x,y) 
10.920220007998116 18.940555420070588
13.431056138091638 6.896947736106315
4.265375383093775 16.780632644729636
17.205336910439986 2.4082699669253027
16.118212630249175 3.2736447187985434
5.513964756766146 11.636095471977542
0.42701135989520744 3.601261285455842
0.9585792313467983 15.031621337796523
22.4207446535049 12.606712445153692
13.870434476611779 22.469974644488346
16.223962505837527 17.55463142272629
24.05889193204835 6.507949673286129
9.682405860043094 23.980624321088257
16.745626286586006 20.32795081822847
24.769639102682262 6.390487449044416
10.98150040728326 23.379836557349005
14.803151431481387 23.540791459846382
24.78335818157872 2.677575414147931
11.238846897843601 17.202566761604107
6.728252583408187 15.344148067912
18.626455236941283 24.772067639053553
0.9379116661472175 23.404098093160272
9.465728048604424 18.10962147091305
6.286318597478802 19.84922292092473
22.1560899969828 13.151661620823567
3.3732506708817307 23.683745553825073
3.58423823341763 16.785220186252918
23.174306393574703 7.061982719461771
14.439022630602928 22.416998771036177
15.082156006987695 24.899148220125358
14.197278798345515 8.55909397515904
3.2395632339663165 9.233679367727493
20.942165714062668 10.80755052337761
5.156845259178103 22.13259851596962
22.5518788443572 11.476979147170214
22.65718470140356 7.332957452094699
3.255769450831783 16.899278295343038
0.9505130462652528 0.12896585074148037
0.16424293540520662 15.631902310574782
16.610202977153243 11.874681628956996
16.129237094021185 18.43765044591141
1.8279815250152598 22.118686927159313
13.117692314129828 8.156782712980412
15.220228825567217 0.8385934954809965
16.806595421146923 2.774060392884556
0.2635057382207373 3.7677317990482933
16.632398095502165 23.24569939019506
11.372550255507253 21.581633527299456
10.028308420996519 6.379523185221866
15.957319013862891 15.622331377031607
customer locations (C) and packages mass, in format (x,y,mass) 
10.73059686345912 2.5559464178347535 0.6139099025639252
11.757187018590384 10.696623096740227 0.4688734221518336
20.135809007529883 7.917123147726141 0.18347414214680358
5.195485418477857 24.569751773675836 1.6188450452885543
24.55052844360745 2.97935125971725 0.7375713748062362
11.204132687986446 18.702326172988663 0.7889726466310386
21.103951364429378 9.50788907490806 1.5092789769115447
8.149379380794661 21.809230993874916 2.268889905426057
14.058280965910381 12.424742551344394 0.9657525072484769
2.148878941348839 8.399364559814524 0.7567269779412641
12.235732933080795 23.249814317965715 1.197741359881848
7.3288611482306285 24.101880912068694 0.40642113404601543
9.490640228852682 16.852538614957908 1.1932113763361383
21.05509130705126 17.37389990474558 1.9651564578410163
24.011670933434644 4.504937270723245 0.24756889810269456
4.041221914383547 1.5598918141558116 0.48470571533547824
20.239704601256822 15.819969017609722 0.8223629300923019
21.271076534888415 10.417481958151548 0.7880004745858786
16.289235148966092 12.492352591533656 0.7933661749151587
8.979175175880293 20.645230870827444 0.5948442270345854
18.302179486090523 11.711865783208939 2.161838946364206
0.14034810968512612 21.509436799300506 0.16231095489184078
0.3486022338798217 9.81255012206789 1.2384760027366633
3.549826914887863 22.77947316326093 0.8880524889072292
23.519364665308593 12.685477788199739 1.7937518310213363
