|V|=25 |C|=50
Truck speed 
5.0 
Drone speed 
10.0 
Location of Depot 
9.242501236907454 8.976144643206615
launch/retrieval locations (V), in format (x,y) 
7.752496436767678 22.405699824491666
12.783467451265635 13.094107166646834
9.242501236907454 8.976144643206615
3.134070994982949 19.985119209136183
5.603937699183889 8.860870500738649
14.297372373503888 1.1700948519523053
19.5026873194648 16.611318807813763
2.280208483553589 10.16126691555958
4.968992867997465 24.926030509904198
0.2868872354128693 12.844272222664872
24.599964801801722 2.9011514456462884
2.6629456101227382 19.596494772345658
9.498600463797175 23.999026178185733
1.3865302494337732 3.023826284603248
12.523946674486522 8.021618644260597
15.80884387626584 12.131185516535673
13.104202741349557 17.67690971039224
16.948261045817446 17.58084776676776
5.387414011305461 15.606162442304667
22.861142462786976 21.595281779978805
19.202284822729705 18.4109713374024
4.740729336713828 0.5790384808972621
11.323197191000162 24.240264790096305
0.5001094563083508 20.715136222481515
20.726536396028855 16.864806944244545
customer locations (C) and packages mass, in format (x,y,mass) 
19.59468354266714 12.376727932477905 1.4244221388882858
20.63691875304953 12.202124597609021 1.1474979968913879
1.2423155420473841 18.32459375204142 2.108450466751483
15.881740558704188 13.915535144301824 1.6803838962845654
3.5329902709495933 11.051198627077788 2.13474676365786
6.437909493408808 21.041703325136517 0.5361682391723269
20.509144845485345 3.524489717934845 1.4315908680738891
13.702374435238912 5.150058263823717 2.085856330274263
7.518755820263196 24.702651554905277 1.767076429804072
4.782418535938018 6.598968363831065 0.8953166438382614
11.95677218010139 1.944925930717456 1.7044332030119496
2.651181602182934 4.105789050977037 1.3430021493813729
9.59837044525424 23.61142725027489 0.6830982921668997
21.438051216638666 4.607041027061021 1.6962203275827343
9.27133419162843 13.296925152190306 0.22774625363026518
12.924711049420731 18.346390250346406 0.22523206330023787
23.722701815565003 0.6422573457863595 0.4503740083144346
9.066458103842907 7.058434636273844 0.3473751461793227
6.953900862668549 18.384104496986108 2.00268901134618
10.407849319642839 6.8495794700709105 0.5292012126097522
9.718030697757907 8.869851223212319 2.2358737838514147
24.00503382576361 14.00523443970486 0.10293603042988102
0.3432071884165444 20.033101683234044 0.17016728468896533
3.770180055895284 7.8543920954949 0.9673345050498844
19.587673828818534 4.072255025835533 1.432388560225851
0.06743435017966815 0.6740228767866008 1.4535626650422226
10.925208048191177 6.8556153382126865 0.25807099307480963
17.411547621542752 16.686946308372026 1.2177659328569244
1.4151787970825669 22.824840090052163 0.42121902720462673
7.938930363824157 12.575811231872194 0.5580815987044525
6.974032444251074 3.6748419490358204 0.5707175001567392
12.802646339800441 15.495370613467117 0.62069765791145
15.562948109115979 2.413301288096209 1.9959239150357335
19.037783111014132 3.2455713136159137 1.8485044229489136
2.418694273982705 3.4739970914461598 0.35506127984914887
6.081735482347991 23.158517532367583 1.5749071771339316
18.966156385879664 15.496389466130895 0.5296358736710053
21.82130669347938 0.2050981418665082 0.037772130109442345
8.090986655103608 23.257317551913744 0.15107372014906753
1.4581293965533622 9.73742815211499 1.729020729909813
3.4502636274538756 4.161413153742072 1.5576158718928466
19.786967403098352 16.92552766625489 1.218561011537674
3.295568376245167 12.819916268474152 0.2988447338531629
5.367941291880104 15.676034395028601 1.8412682650182393
4.767561111667748 11.029653641364307 1.172531453974344
10.35042505973674 5.511065328325274 1.323783777783774
16.04339714166212 0.13412432648478856 1.8822714609970785
3.436274634685649 16.51199927444652 0.6946379167056606
11.79747264682617 12.058764596028071 0.7182005319258882
23.211144073109235 10.69973333949891 0.23638580590579789
