|V|=50 |C|=50
Truck speed 
5.0 
Drone speed 
10.0 
Location of Depot 
7.952703423190949 7.665231043296214
launch/retrieval locations (V), in format (x,y) 
17.274510611326978 8.820513621126686
21.935705302780686 21.899886564503994
17.95822897979271 5.136505627300275
15.876037974857033 11.361293308687706
20.661460106026432 15.88097808352636
21.329640402129037 17.25551404856664
4.122683970506383 22.859899473072666
20.12086323413058 2.5743511243711685
19.55776614138995 7.828828506376537
2.4607945282270114 13.635238642126367
14.993058053061448 3.5038371493375795
23.658915491297826 11.516750726009455
13.975024156856893 1.375304434259586
7.952703423190949 7.665231043296214
5.761743560411542 15.255702139552033
24.65744250058203 9.558591115286008
16.91358066313674 18.445854009206737
21.447499366965488 18.438542258435447
18.358113353214154 21.811503488268837
3.7552280373456313 23.508094890506708
4.019587108764452 8.264369648071346
0.8014462231884373 18.883653194455967
14.678063169815273 1.5411692284160146
7.379067654706378 12.801692938573314
11.131129585189115 20.652669236512093
18.761390825719808 15.80045704512697
11.60833900813357 14.321565660639097
5.8952457693309785 2.0669849637635824
4.724028852456927 13.940258796558854
21.18278483238162 20.463038586153136
17.9632570326713 4.020409743189612
7.552537930102115 8.818674464034773
24.24148385331759 14.37655780738175
11.815780691195496 1.62745405262201
15.842945703086583 9.262738896900263
22.350516693022506 10.119602657143464
2.264527877986175 16.79459162036031
4.399427521430047 13.98142609514841
16.364201277042945 23.872893230576512
18.931847526586488 16.889362905134593
24.049692463998273 14.74754077043327
6.584158091588768 4.604950437439687
5.295313405680205 10.829656429161009
24.10643337330857 9.310646298146949
10.550131489634445 18.76537109398421
2.666399887600174 23.300575252667084
15.583953675620085 14.897694455551571
3.464489858834849 10.13977214935464
12.574271471315601 6.391059119105599
5.227818605891102 24.628789579209137
customer locations (C) and packages mass, in format (x,y,mass) 
5.648089807537909 5.187461379265063 0.44209900482939024
24.60297596808127 12.01211955753256 2.0623473817359947
5.373554725456686 3.726819099348244 2.0200349063999092
1.954100024002761 15.958265875147621 0.004806435875071557
16.249744151377968 6.857712592099843 0.25023710551542894
10.36708805576485 14.934786912145565 1.8707590463756976
15.422271731863402 0.9017112507744257 2.1732823744104586
6.835874653097262 0.27117580460233603 0.8877480580736387
20.386947025153958 20.41748559229545 1.8758740712330058
1.610271386826212 3.895400325150483 1.4091786382207454
13.562948976249094 2.754346456711559 1.7262235128102557
20.50545315037203 2.547888831216352 0.8887481554450026
15.941453523859876 14.36261982350507 0.6689591499145323
10.251141852715358 5.143585061840544 1.713228583304509
23.93204814086199 6.872059621834459 0.8607418335410256
12.831893020880827 12.607987417028507 2.051100950007848
9.026081328350527 10.052988010282506 0.8732709204897063
14.109272316051333 18.80203827115773 1.324981596995029
9.200700847524935 17.54314138262614 1.886012243627422
9.101562189144168 23.116790109666404 1.3201828360244034
10.496706191073057 10.772453295143766 0.17623055063777768
0.8498087679322169 9.53515053204389 0.010263939322986958
23.389007991659692 3.329490885880229 0.9397324109384249
12.46687278856805 11.179674043874266 1.060601315385518
5.919242412893349 8.660268889684872 2.1119105072854825
13.057546159182131 6.317797124680613 0.5609413071702541
2.136348400599139 14.0639924707252 1.8128025812979334
16.002912359419348 18.09787283383072 0.9169444400352824
6.136679760672675 1.1898373694626123 0.5067336235817819
12.691350151749925 15.7827889067261 0.5313304455740174
19.75969788857442 12.295318869894393 1.2488772714612575
7.717771855828865 16.25936656823295 0.18043648602629858
8.802089305163218 0.5048181091864196 1.5122186719305726
18.70924374444656 13.394489380269073 1.2621494175442252
7.401164470765148 23.005487225278443 0.5269752185854287
20.124913507371634 16.20095974414138 0.8537091924329558
1.9329829277429877 18.900695784767024 1.436107706454198
7.145808206983858 13.863014344901305 1.1583132903645978
10.199761254847997 12.248494863342751 1.4123306767350423
13.190259203465365 17.997018902969767 0.11664931082063455
13.64291464139598 18.02093482458557 1.8957112193832586
9.569591006262868 0.425080221365412 0.5544673591190669
18.412031302987657 4.270735058893537 2.2506459989602305
5.655932157482782 7.658642112336428 1.436892909373209
17.809667238514706 18.612724085325596 0.2608946715791385
20.050998584091236 22.929597648615655 1.186308740375323
23.101242677764443 10.377415770780615 0.6796378595407692
20.74982002636686 13.847145802862432 0.906845033676517
0.6085028431512041 0.41753416054297054 1.1522997799484687
20.36595943872378 4.62329165603205 1.0206814171758196
