|V|=50 |C|=50
Truck speed 
5.0 
Drone speed 
10.0 
Location of Depot 
3.9844880212264595 6.876471155559677
launch/retrieval locations (V), in format (x,y) 
14.996881973819518 8.288745272104405
12.36874659139971 13.100687626522149
15.951271134185069 5.287834959947416
9.625126785245804 15.544576875275162
20.844998200444124 10.79380749286695
10.433241128765241 16.87740235592452
0.8744259095949725 24.441638186757913
5.210877346877055 21.38493391156795
13.217765565859596 15.65625521826994
16.844451996489855 24.593639917005635
15.818470968904178 2.660575644173396
11.18135057231037 2.1643190347567787
21.99773676766378 16.929066534060645
6.165558130963822 14.785143020810992
10.259660457104196 6.353046438362192
5.851017242435855 23.195034159113128
19.247740662507752 5.828706730357164
16.441204592035735 17.51932915221172
10.59127893444243 15.115187871015923
6.733652215503458 2.006141563791772
17.637046423378337 18.7285883831984
23.813317250474327 17.98968328236216
21.949206378518795 5.539754205853992
7.076795259125842 4.991408080180546
3.2861104316869225 12.257688675915759
0.342456234730773 7.894700732561
8.467962740186511 16.115430755185006
22.667484946719913 0.5549771532103842
23.002367758355867 2.0182040271070845
22.065670629033956 2.114867091416264
3.9844880212264595 6.876471155559677
7.92568812226542 14.368137975202671
2.6574238909814003 24.6075022268071
23.13935097514396 3.3435567680398792
17.432444358698408 19.146206143938933
14.298249420280237 3.1018055611942126
16.801011584989702 19.797212703868052
2.681112387641818 4.174725174734981
2.003269887277459 2.722805029039266
16.98262655213167 1.7880055272378181
3.3227485566355934 14.50516959703872
6.727930079633332 9.742389212378269
11.046528634742778 5.91311049997274
17.0440712268457 19.73431568322805
17.410615984384545 10.229813138125998
5.9878781614261385 8.830187247292118
21.6535758373957 14.597437632004773
11.3376308433442 21.745683301388127
10.125920218533025 5.247556732617861
5.943267389052578 17.382751493011458
customer locations (C) and packages mass, in format (x,y,mass) 
12.605562413431572 24.575881230446488 1.3243062573712179
11.546651039317032 16.661826681941942 0.6459935093979726
22.021553098183112 1.3711493618528054 0.7354343604297298
13.183008680741274 4.459002370734588 1.1662041699123193
6.253999862122339 24.52618826831611 0.9265624728284656
0.9097228320446904 24.628662765035813 1.2852756643343815
17.158415566464935 0.861919722863877 0.06533078509878781
6.78708522037266 0.6800130084698375 2.022737803654876
14.405351060668359 8.970437541832082 1.892119750976689
9.11711308499617 15.605810521397654 1.3959163694352594
6.5618895661797545 21.38884001990892 0.7809457070075934
3.149242530165325 7.744169897502867 2.254930434227758
9.816811982171506 24.006358733159658 2.00614662116655
16.076035390875873 16.60362748379859 1.4779494298580294
24.688671537655498 4.03014802712231 1.125954195364366
12.310789715155792 12.183738335529334 0.7064466531675225
22.47823916401884 12.394358011746517 0.3931003629806967
9.187007313310378 4.231525624056223 0.6397432998040212
18.49061376340598 4.343925548630187 0.05830648058284548
8.048695173732767 23.00404687570142 2.180280734226033
9.719199673775808 1.7372571858870063 1.7301284241118622
15.794093349313457 9.176211968345854 0.7824630075536663
15.652924567893317 7.671793546214248 0.9571841022262623
20.381892180561454 18.080102078125705 1.8936103764991208
11.418468905000337 3.990858129835101 0.3798066182397413
3.621341505249706 1.2985582904739474 1.259413100221699
13.947196852590881 8.757388731964205 0.2878088783170491
8.197868256381533 9.263775340725863 1.1120542394058157
12.189499153821522 11.87346962696826 0.768798887483614
11.642524199821594 16.586707277465667 1.5867845546445507
17.61724940236296 18.477166324998436 0.5782106312929002
1.1128393719306628 9.232057508606752 1.7272936501306155
10.094174589081351 15.934683808355027 0.4987015482935393
8.58844909799342 12.181250291715198 1.495194594412932
17.845149807822796 0.25834048981568936 1.6675936105359817
23.722415868808827 22.044808489773217 1.654880257673508
15.324900299814374 14.32434447098347 0.022796023932477604
11.783069438044928 10.910032792029561 1.4768933186550148
19.617654741225333 11.055355429309941 0.3726008268882524
24.918696856910554 11.524208346116325 0.7383984548688428
24.384297494684176 14.005589122017506 1.3267910805228766
3.323019334658328 6.434592044446102 1.0054061091795305
0.10234494403635885 15.75105548608816 2.001995481944907
14.196394826253039 18.71415588210871 0.1786862404598596
11.041754951448704 8.097775851634047 0.7994888188361836
12.582852998396401 6.351783842841255 1.0718713422893011
18.703351925206942 15.066837755202695 0.7090155578461806
2.28061119893562 21.21607914533568 2.1280387918500465
3.371776826166331 8.82480589542174 0.714392647957797
17.70657244756805 24.492528893184907 2.140359722162725
