|V|=50 |C|=50
Truck speed 
5.0 
Drone speed 
10.0 
Location of Depot 
22.299359676769352 2.2780969866030927
launch/retrieval locations (V), in format (x,y) 
14.743714775687597 4.169641496020929
12.19313590053725 13.22536099083988
19.072909640221393 6.737303145202272
15.661105459687366 4.956981014622971
18.130478972472744 19.82329110032602
16.99148924697001 2.803897605052383
22.89870207338965 6.4129512830153255
21.2427355557314 11.259404055844923
2.140411919053581 20.686275776934806
16.26591023582127 12.79730223069807
24.489559440202395 0.4639530913962825
22.264231373870956 12.87602992781892
8.881787635553486 23.901776790292228
9.371426172453253 12.166916757573057
22.693986962007738 5.54543420885926
20.998319454676107 24.0856567709589
8.379869492982357 0.6442678532036339
10.729632004650858 1.0083667803924112
3.273672030583291 15.662345738241587
9.7543041537912 9.76279837649485
5.077373380594835 17.388457746882896
6.557714220869315 11.73288639153857
6.2011966016784354 6.130858770120328
19.905290293602597 24.50843175189216
17.509520594411175 5.3111364697479155
10.032490570745031 7.5402744712352225
19.61682489962432 1.9977477792987697
10.88592810298305 2.22580149301041
7.722307315456953 21.9891803112496
1.6434375045594973 14.420806049832871
4.993261799635976 17.016219626432154
13.818927387546157 23.222069143484287
14.999029669384656 19.45597072493551
14.705947421522433 22.330662497808895
20.67227459330633 12.185485105000001
9.333816325563117 21.68451754714539
2.318548976363202 6.202141699820684
18.176449715573632 20.645672959429977
9.885539220336462 1.8308507253996353
16.705010006694483 10.397616077209113
22.299359676769352 2.2780969866030927
12.080569718944783 7.103288518055165
1.6218053043259018 15.660992895071841
20.02261809638614 7.828406619327261
23.037917343897195 5.097983969007036
7.412565329462057 0.017996996790142772
11.252566530196873 21.602791004751943
4.415594964486644 18.785183395150693
2.2308361381370654 0.897787982105025
1.6252445484139204 3.8188111619295224
customer locations (C) and packages mass, in format (x,y,mass) 
11.707535610662159 13.345140780321454 0.1952761196563523
13.40622526405485 17.96526665561203 0.4488627905364021
16.57824675855206 16.101984279354227 0.5331371744832036
23.62749929447607 8.21228033190511 0.07771632779390053
16.189694487264173 16.07276574900896 1.7109348870245655
0.15960798306136892 0.745572047196133 1.08639932748647
8.762565339880801 6.42885459640595 2.0675273373503837
20.038358914832337 15.293069828201073 0.6758099633853516
4.293664581494092 16.602424122676403 0.5162599238408573
8.897602610382085 9.029781878639708 0.8720105209763791
16.672626095326525 9.167445512951433 1.759922525824273
14.073542522904631 8.49424017747547 1.4239966725173265
15.025389574727068 1.8268555940298943 1.1122634517328687
1.9454568369173835 4.753179864963622 0.41494347455259023
2.340040615933467 8.824510834704727 0.4975371419689477
16.996379951837888 8.694435689700333 0.6917631241336754
14.207439581528671 23.223354235013076 1.9486509889739914
8.888098369048905 22.607234161690748 0.808856668950281
15.07788647567197 4.2012745542699985 1.3488885814771254
8.618212278653939 5.4079556662183945 1.7812912218472439
3.345693352462811 8.46473681320391 2.1590734643136407
1.6605530272531337 5.313126991051711 1.2813300004706971
16.39762584862499 8.825029485717103 1.3308250043974148
7.297691075396267 12.961222003912228 0.24535394418265816
9.796297005806117 7.027966911038558 1.5752673064587364
19.691778306230578 2.277673584632947 0.1816252572019774
11.308053305685418 14.582687767616864 1.8865147331450558
3.622517968329192 9.082234138703098 2.2691065947936955
3.6471347534430376 1.2708250397650196 1.2882044229537721
12.374193412864413 17.538242522304877 0.6479439075019674
22.017161501521024 19.20185730214799 1.7816214931189391
9.291074117729575 1.6342554604892174 0.22896398370060586
19.704940276986893 18.042278656710426 1.847659973757132
16.216933279996574 22.71509004452691 1.2624746775635487
9.474521313426362 4.1788134293391375 0.5577904371600586
7.362439707225238 4.136029591907314 1.0313983668151891
2.6609025758810385 14.560377057988227 1.6155259408827758
4.990665352087439 4.589644094560927 1.7189559182613459
0.12023546264433027 3.3684527147069403 1.8681874509115988
16.268127690166168 13.44710065878772 0.773435174600642
6.676928207286603 18.987575751962364 0.6915053825318672
16.366692303340937 15.002783026097216 1.5557046858327945
15.447347721275003 15.487910091470388 0.6432797897604219
16.70649407379893 10.20565019626255 0.7740933569206021
8.063899979365837 24.72939252934066 0.9460650913680084
22.199697320034343 9.865274081635079 1.3273814778870185
9.754956677393409 2.552842574267919 2.005425463010245
9.448661818364442 2.397607371592145 0.24512589180507396
10.476742365502801 17.025888938007185 1.436143629420174
22.40386670809993 17.88711429909475 0.3323635941014594
