|V|=25 |C|=25
Truck speed 
5.0 
Drone speed 
10.0 
Location of Depot 
9.05759882511611 18.17430240540265
launch/retrieval locations (V), in format (x,y) 
1.7606566417534497 13.573789696849719
9.05759882511611 18.17430240540265
24.718451003685946 4.759568322167448
22.476777302415332 22.17200791091974
23.248163510206922 13.787185253762004
14.753771023196375 7.242675398506809
12.672328059703228 16.866077016601174
1.7708445783948534 22.094234364707614
17.683670834595976 2.039841364331946
13.726641876274906 22.193871072488474
23.97988989127666 2.552631623339316
3.2366514007733658 17.069941652898237
9.751727023315404 14.559628593221083
10.905669203455798 23.13963038241711
9.852969948101247 13.703617418670543
1.6416133560020447 22.163502846570342
17.839279620075132 13.019237440154285
15.256364855009764 19.281954529183995
15.614170777737908 18.749553251494273
2.206513861905282 24.880700702461628
6.321306268681131 4.641293878556013
6.882666350990505 6.593473987106485
1.9431816483448188 11.406762602908021
17.518081485914514 18.933366985798862
6.093873910890629 1.4765994115245014
customer locations (C) and packages mass, in format (x,y,mass) 
8.184465445236032 16.738700492747935 1.3926582686178095
21.356666955278637 2.4165032850063217 1.5936691500635567
12.438848810081303 12.131363337419742 0.4126738595828097
10.181883602472757 9.414406925749638 1.3013076133818375
24.859985454596142 9.257329645429627 0.9388063770101407
23.55053389930193 23.443226874293497 0.017846625948964776
12.68188735789331 17.50450452738949 1.2764602446686109
1.2125710295588732 1.6052764794402208 1.872087661298639
8.220782669460606 21.015700853253026 0.15757916498291477
23.327064099593624 21.48154755618532 0.7855388743728084
7.134720802029018 1.9986329079113658 1.8715466941240728
20.61453508584509 10.093121722695209 0.3983731515505688
9.506220180095163 3.958448710124654 1.5188530229461938
16.31978196251898 8.636959670245092 1.7921908914924374
8.508531508132164 0.016194712924857968 0.7836111642512874
2.2860098790831813 15.388524129928255 0.22145470976147122
3.381476480815743 5.261630218725477 0.29014571500928654
16.977941094958666 20.52016928059668 0.37942438687633123
10.755350069964992 23.85977673377594 1.6060906961977888
8.99729522116639 6.161969400732178 2.297535828315363
19.650100782392734 23.650751068322503 1.8821725189531613
12.984353674631377 17.675628687896562 1.4999687730826046
11.695845924283354 19.79808977182054 1.1460035233374575
22.246904237357263 15.685074914997996 2.028948148917204
9.308096705642392 17.24655571625585 1.9383292145443671
