|V|=50 |C|=50
Truck speed 
5.0 
Drone speed 
10.0 
Location of Depot 
19.945671098022586 20.025779181841248
launch/retrieval locations (V), in format (x,y) 
9.449151572512918 19.87881501732595
24.479566288041834 20.752668047494357
20.878066982287603 18.574663095175026
14.935729456059436 20.058023255051
6.837898740089413 2.2389228934757535
9.265075464382457 10.201929070334554
1.7503331359592589 15.377665472758656
6.784248707113372 17.311871408516353
17.705934642752155 9.731267679104047
17.282645192641127 6.711236219724934
9.03706239943823 17.80856534719664
16.350295679767008 19.68607643476662
17.355775541393886 7.277610221368786
15.46356280517772 1.335377413681746
3.045186733659139 24.063088822451515
0.7642186397933876 10.60998190546017
17.75717441132324 8.913640470149057
15.086082667416441 0.6572940914143122
21.98485302238983 1.1611202533386793
1.6919505044724281 21.5993437080528
13.146911972708272 17.818119530950234
21.903866449090405 8.31792415846587
22.03654111636477 10.26487183094601
20.815655523221807 1.9878884609417224
15.254754275482401 0.639479483366201
19.30783079583239 15.74925806614389
16.431910837537668 1.003423658289554
6.324062611572856 22.3434678690571
11.2576717454628 8.433473572792819
2.1491636773612544 5.517217731579846
20.79349998058591 8.246757157593073
2.252647190894061 11.911418209818311
11.104436069084189 15.349291084765177
7.489677822138688 12.802814786541926
9.901806039634076 5.34829486638741
22.84975093890973 5.425303973407941
9.912280065570542 1.5083062997944263
8.206677836294872 15.88514733557122
11.422789317935353 11.945136462596501
20.350023455118762 3.2864410976661818
20.932064060173545 4.965764559763339
24.402646754419717 4.693765901530838
16.623165722201964 15.761967851785624
14.081239392419715 22.808114015805923
19.945671098022586 20.025779181841248
21.092583879616473 15.340468887211193
10.740495978284553 20.92177927892718
14.18183576533142 17.82220626443619
0.715458387271084 23.219837364289862
5.080034997579536 12.572057003228373
customer locations (C) and packages mass, in format (x,y,mass) 
10.548863673275232 23.716201529934924 1.830944664330748
19.16910643199701 21.480372504054564 0.3865335083262053
3.3360976053863958 10.03241477621733 0.5174289639307806
15.288377284437615 2.994102189745884 0.04785749823112605
21.712375398418487 4.6652917451663445 1.5600887875955474
24.902863138553176 17.66554574383049 1.2436784683890552
10.288546515737956 16.828013221680273 2.1144320686936253
0.33215738302302955 5.7297410272408476 1.5382921147657664
6.746902306052497 12.667231916383653 1.3320397455338846
22.08951481419624 19.220769467998075 0.07260426684241064
15.552357727952238 8.81970209048333 0.23539227341529922
15.379339168290768 15.43680695438418 2.077519811368551
15.571884021696805 19.449139119351486 1.9799112644736054
13.698151681302246 8.575604953362673 1.2890894353995028
7.893889401659574 12.70739167667568 0.9630583340822486
10.34756373473228 23.62054851519617 2.254477289023947
3.2049903893187097 8.155531172710578 1.50443750603251
7.950483082847845 9.809842019294148 0.16014018220034623
7.9409380878508875 18.423032541977534 0.655993843163724
3.6318402418337836 18.099947192219933 1.570198331706945
19.668734682036167 23.39207944449134 1.2411300466509176
15.869411661070265 15.664886373696291 1.8847186440625054
0.8244256829164853 0.5362373048530766 1.036584201117715
5.031695107460449 12.531967226160015 0.27069163987999956
22.292161949175057 5.235237506919529 1.6418420498204285
9.952440385103289 4.6246021003343625 1.619622175603724
24.766293387301673 18.647696123338626 1.6916348750979573
14.148007297549695 9.205725741130374 0.09438058528276971
12.906443394578234 5.8040398895101655 0.9488438893521155
19.982179558075217 24.05969493796343 0.15527349921738176
18.594664091869113 15.363475662469709 1.4077636072527613
22.584845556157294 24.006669073937655 1.6149081856605372
19.12214488538478 24.701093941739337 1.3365770590204293
6.910040818924024 15.748477800321348 1.4536193092847023
12.638243031847407 15.40444092601031 2.1784547571553707
15.523789096731939 18.649378637649622 0.7434872438408143
17.190155526446368 22.61705837083338 1.8074481094643338
15.856066770661792 19.119369971721724 0.3409275436896548
20.29719836101342 4.014061999964019 1.5445335464111747
21.355593434262808 22.881929516797648 1.7566073525943904
3.4341017130820854 5.470930105648411 0.806650109457827
11.166559497470708 20.23898843479186 2.264242891795253
22.17016614089119 2.7346625428577687 0.35906497141615584
7.936050067513298 15.270348630093228 0.9030603796478266
6.5987826092802795 11.617986853657673 0.7867310712420379
19.20738369182242 0.7587725580622151 1.189900074422652
10.142053539286772 3.59249549654061 2.2698354998794716
15.13876978261541 1.0761514299741148 2.27109603287747
15.3004633249421 24.918642855541897 2.1903393962209043
2.9266406860289003 5.436315621789628 0.10533903591585163
