|V|=50 |C|=25
Truck speed 
5.0 
Drone speed 
10.0 
Location of Depot 
6.17053672680683 10.57660737307558
launch/retrieval locations (V), in format (x,y) 
21.39731871657892 18.315814822380798
10.391418468056399 17.752325815964877
1.9644469139297294 1.0611840744703867
9.453378180428157 13.039470703257408
5.408865531757595 9.05529160768037
24.998510112067674 14.909267134431955
14.780340072458358 15.20898509149352
11.520009345188454 22.288624109270337
15.396024373445751 5.558532988011197
12.72981523976004 18.54463046282338
2.1433033640073567 13.201645372616689
24.983585113607635 10.123178524398787
16.816859032328004 17.598544628101152
22.792607520251373 7.233317624110732
1.4403002883765308 3.7198370240148937
21.73211482119545 18.584404446298127
19.652214580225998 10.106056072656559
6.17053672680683 10.57660737307558
13.457846241318014 9.210951848757414
8.838418354911587 9.52402972579282
11.732346880735719 6.278876358182406
24.325526364194676 5.015476579382236
6.057775850514918 16.7174390034901
17.906689920504906 17.560001818959616
21.67016444489935 14.931441442304196
7.181860859629985 1.5513514264091506
15.374464443490899 24.25552877789449
24.755235059279414 21.207911599686906
19.02171208389632 13.683567688534609
18.943396357434615 22.520541267124404
0.8421841745187814 5.934877812125442
12.667853785845468 21.362388466593927
7.800394411343895 10.276677584092026
7.097932421292419 18.875731748754184
7.961040521475976 24.826629299910056
7.211305879039745 22.290544153080514
9.647674797595403 17.436101789132138
13.498018886359633 18.53700472799662
7.19825720029228 17.719820493783708
2.3525865466009654 15.21048018827565
22.16890967531928 3.0155630272847094
22.47827217957788 7.413333677802836
16.38335618374992 3.1444819720417794
15.591160013705935 23.82566378013168
24.324350537482708 19.1523262933744
5.492120668224032 23.97287321791179
21.84136392320613 12.412529161960933
4.095038955540417 0.20311718584871408
1.581310065205499 11.41340164368541
1.5861637680636975 15.13875879292411
customer locations (C) and packages mass, in format (x,y,mass) 
19.924805927727405 0.35151721706268013 1.0774495194291884
13.26559197970224 7.048440498272243 1.109802659374303
8.454184905939515 8.740235788792617 1.651985324026149
21.38430233587991 20.428322873198905 1.8014931239353842
6.504140741817125 13.115761874545322 0.9840551017986706
17.497805448335892 7.123889790545237 1.3992573781588369
14.793217770567205 4.11070937129894 2.079097592681889
21.898555716528584 2.2197163904436685 2.017585262229553
8.790774333618446 11.61159291637486 0.058340586959129866
1.6485466074773387 3.288977395419712 2.0377475046076805
9.859426642775338 9.827567430659844 1.5436464360686917
20.19076959457699 13.70516610367065 2.045572667775871
24.821439590545076 6.2312130587708765 2.091468468448504
13.75062198201292 1.9712155146808992 0.048048286164095684
5.700864876642575 17.670915662749625 1.8737015183210257
11.47184029722316 21.592691402118025 1.3103345466766014
19.857673097419568 14.020558267209449 0.21523111642126647
13.320023013639592 18.1895979571667 1.251343406188464
21.934969921641933 8.490542411008656 1.497891583055484
10.637095771894817 13.951889545985432 1.5472483375484325
22.880256262420506 0.28065736939412445 1.2187253427166231
4.525909870263939 13.078899493972443 1.7034950896400072
17.010987295232294 22.040309847253337 1.2465849690112978
16.834055267905185 12.226714799553228 0.7670244191860218
14.209095757548992 10.828097075767554 2.183492500274137
