|V|=25 |C|=25
Truck speed 
5.0 
Drone speed 
10.0 
Location of Depot 
15.17843867250413 22.73175556148471
launch/retrieval locations (V), in format (x,y) 
11.967467157943288 16.72167004402591
22.566592610659317 23.16346772610127
0.3977602811109954 11.687716950731941
21.722128974416528 14.571954411365551
3.2268350196938353 5.663491412594254
9.479210455659908 6.059956062625835
12.211404260774552 13.052804868064763
11.913967422891464 5.730123785255878
0.9852139542029487 0.7563196357515206
7.927678184857154 9.210198987033676
8.919867259183647 18.748628603413817
23.904483171598603 6.926754569887886
22.924634374464773 21.56759846220202
14.608715854914948 17.56255961833009
23.33419262343286 16.33297772870123
21.59281008361161 22.312078522578418
9.393067527913148 1.8452757687484889
2.9241712763917653 4.469134987624587
15.17843867250413 22.73175556148471
8.075235979955625 22.675934420494766
0.243562572790762 1.95668139746224
24.52948380311343 19.35578881388053
24.23190238622498 0.3858103859222667
13.42016114447689 3.3808888342136494
15.454642555486448 2.744014342342757
customer locations (C) and packages mass, in format (x,y,mass) 
7.349889445459567 17.630324224835665 1.0974037642089247
9.706710516090247 18.338953706466604 1.1854250224259855
22.771846606771543 22.03299115058452 1.926715515577488
10.909945319323883 3.287811898246043 0.3772763760617818
3.096226934839738 19.74714897694142 0.03385279398574731
6.808718678768341 21.49397718654126 1.1653065743489786
0.15942070253206486 7.6129573798970815 0.8170656085953816
0.7012350724047406 11.362054540280347 0.6719803644706078
10.776708036410707 15.491048976047777 1.7761453241501428
12.804706704794405 6.137828582945948 1.571974264175201
6.249039581977501 21.78389799078979 0.1930554396641431
9.49731041731148 17.47985637277717 1.2606377342706434
2.5842243172884833 21.41707614673329 1.835042623954369
16.470539044361548 11.24787624796407 2.092273976192974
9.81513926169143 12.974959073318908 0.0004253137688609798
4.038139986866477 4.8563611257529065 1.857365226977348
12.434840782155494 7.850609539896578 0.09947023361935531
5.209370993823495 18.23780398799802 1.5688773349443237
7.303231949157149 23.975194454192998 1.3754163383963083
3.1042608215354455 3.802571710523253 2.1896374721519902
19.51826227911918 1.266088193330059 1.4533219121524517
6.982880706891775 1.686316852990627 0.160859847393383
23.891916397634528 10.886794220549195 1.5419153612407794
10.135797772421403 19.81678193292283 0.5863169582919462
3.879862292052813 5.621931750983721 1.9134711851299078
