|V|=25 |C|=25
Truck speed 
5.0 
Drone speed 
10.0 
Location of Depot 
23.147786962897246 8.462656313808209
launch/retrieval locations (V), in format (x,y) 
20.140864193882635 8.314879424469169
19.753592017241182 23.340206659277925
16.357170682834163 12.723611120804021
3.5168030469890423 11.608505344298509
5.860704656068538 7.203226293890297
6.979301509632635 16.290454093414837
23.147786962897246 8.462656313808209
20.469034748807605 2.7904349406878164
17.132132229665945 5.283343059772669
12.197131405406973 19.88327013895282
13.343033296509205 11.451811145813373
1.3852490878279862 24.698406279445585
13.50873918198121 13.11370163606724
2.046924370603012 9.791559508230725
13.650464684898036 10.643163442716267
11.792158272017003 24.340008040720768
16.197223381388383 19.51228306967022
4.250410720728926 4.184365730263304
4.5768508289787455 13.44450210188723
0.7041324327167003 17.522586851719517
24.82244522005688 22.36370006879912
15.361879431409273 23.873827665441627
7.902506100052323 22.108175935391998
11.308138095744702 18.802164534950883
6.790878269854242 22.70041005943444
customer locations (C) and packages mass, in format (x,y,mass) 
12.79362654428216 23.306478718757003 1.1144097523195013
2.934598010780387 19.308852261398187 1.4014859504599118
10.167181454772024 24.049451555502106 1.6446445991381693
24.635599683714116 3.219732451282864 1.7024268637326139
4.76023428123325 13.00301385837381 0.17260954136348872
21.336351229036723 6.803321973244891 0.8882652790971188
12.16886701235903 9.60178978694606 0.03811123910588268
2.520714874816549 19.326980623956416 1.4358340424643266
23.458709319647618 10.759107623718686 1.9114102777947306
1.4944011241829758 15.538989074785245 0.25304804235761674
19.953763814033554 20.24211231952851 2.157155001332318
24.865137188066292 12.420252281160424 0.5047223683361275
8.75161519464111 3.696953776044065 1.92666293862055
9.172596754266552 3.5805412281242592 0.2871022876261533
7.574701744090123 19.626597104155994 0.09573843155341286
4.98142704870152 8.123432652347804 1.8723872998520459
17.49955522079641 15.344753574266608 0.6553334937524767
0.30878195717541357 21.31066290862065 1.306011595913201
0.9851720501365901 16.277435906832174 1.5316940754749158
4.683111719948652 19.305739068525284 0.4604776654809407
18.86930738100948 21.78330233164092 2.0473065751468185
15.781548188171252 9.1783306167284 1.0934549712250654
20.445895393625996 2.15102529676488 0.8586340585877154
19.93394275187919 4.300662877980955 0.2717804993390034
1.0624376239160627 13.552669094935709 1.1225105390374774
