|V|=25 |C|=25
Truck speed 
5.0 
Drone speed 
10.0 
Location of Depot 
12.815829630887537 2.2781146099366185
launch/retrieval locations (V), in format (x,y) 
7.09930176297201 24.53985759509201
9.991642082899558 3.609673791002127
2.999968477726331 7.8700593357787785
12.571773248171214 21.19833877274575
23.875539295463067 3.97937221541948
6.647421833219861 3.219219898360606
19.770790780964333 4.300546443994308
4.098902852581965 19.242438761766433
22.147573493096857 3.185750787285574
12.815829630887537 2.2781146099366185
3.1452041237800876 15.673928194823429
19.56741590295424 19.170754433848163
22.18966778545007 18.908660866380302
3.6265292148173423 10.82757251450428
2.9353980077976294 22.915007462941116
6.2847116281272735 3.771882221805381
12.873711086634595 11.038038817786832
23.75275868478169 9.232178881198793
21.514979482535857 13.654650637016422
8.115649385073892 4.831556546320198
0.9314995520659591 3.6780722898844207
14.892696555779375 24.583958373795987
14.369051844641767 7.553154435424869
6.038443553412559 12.4925472649633
15.08901651264694 22.906708797477567
customer locations (C) and packages mass, in format (x,y,mass) 
7.566296593356331 2.1920261786038258 1.3500795509297383
9.164900507342102 10.429241176373448 0.01505999435127353
14.078878153996953 18.8370548999634 0.43123823181772936
1.7015593777869569 10.958799700254335 0.1982706321282821
0.5844283382470478 24.26660696650646 0.5745453624969611
15.818964620138487 13.349620361755681 0.4206167146552015
9.27203276086349 7.773823278015815 0.28585251536493833
1.98753065691005 22.30210642464974 0.29775575791367587
7.165943463244326 10.555488305441022 0.8542019322820213
17.33641067256089 13.654643013067844 0.29609606914263925
18.990166061859064 16.034354387865665 1.7788703137931021
12.634903527275046 21.400204082648923 0.9264004253836208
5.519103812454324 5.235967146023787 0.26869778516640036
20.987401021985594 21.845013487460438 1.4981046213836966
5.192325406254356 14.343292191445716 1.8128233103084859
18.922888746388274 9.161110725882772 0.8272038235579199
3.8305994338793004 8.381128426152 0.01410960114645483
23.371328343736018 24.544519929491905 1.4953864152280174
19.334269550551543 23.676996101229015 1.7341768160649507
12.530994025863167 13.640083629337093 2.045369757635779
10.854282383492519 8.659218445111549 1.6402482953584294
14.324393705723137 24.34696241301153 1.3727431247521882
16.52785817389424 0.4085241507607029 0.7890938788767398
13.947066557401348 1.2231313362702418 0.5608180473714007
17.395429396276928 12.165172588920347 0.1492115655415237
