|V|=50 |C|=25
Truck speed 
5.0 
Drone speed 
10.0 
Location of Depot 
0.8828772263306583 0.6140156334516894
launch/retrieval locations (V), in format (x,y) 
1.4101622354744574 10.241966686145407
21.191248551547687 12.466672327663977
18.09713499230538 7.830025919449351
6.776963178749174 0.25468199532477365
22.34081317802001 1.8022940215711074
16.23075484950447 19.188751728292008
0.8828772263306583 0.6140156334516894
4.422948673177543 23.515275490863445
16.54403837683669 20.008722506033525
9.008534567679776 4.252508212434536
3.5320896679654963 4.5315562099592945
1.3551740479276708 13.402502001685138
14.463727340828362 3.383604887257266
20.651410106008974 15.046648626072917
24.26535804050348 3.352888622955516
3.34326884476491 24.176518243996565
7.717975061992649 20.02779208924734
8.106517930100152 2.707921620519502
13.687260847159813 5.439568440518055
2.5481851748927307 13.935399305309518
24.096413067923557 5.97086662105995
1.210282656166381 11.112037004477433
12.650282354634765 22.724079815752
24.606168353344888 20.25271186331232
15.04151475267301 5.4244795118440905
12.879565184792769 7.693383534139975
11.50152617882715 21.572164187537414
17.87621492917258 13.069138974721122
14.995318872824559 13.750427676382557
19.095307117988558 14.37242084452107
18.170909085495836 19.080960681780613
18.339192911495925 1.2147150701666998
14.547464907506964 5.729033271186868
24.16814015560667 3.730483185451483
5.892087744041433 16.238158886387325
11.99615550385203 15.801270141670756
4.30641642673959 0.6457677504995873
17.315868853294372 5.0122099015834864
24.988208261708827 1.9101028734454268
18.458648782841728 24.32483910270608
6.500195557773453 3.1613944402769185
22.57932587043527 6.554815087260538
0.9959931081564066 21.074770058450337
18.775313611916552 23.92383321915429
13.558988389659895 5.291396531407794
1.8525792671897272 18.642358525801416
1.7972707856080268 8.168086863110746
3.9625642280151805 2.2080500862608625
21.420905207518505 3.537563087745382
1.800909587441088 8.52858067836874
customer locations (C) and packages mass, in format (x,y,mass) 
0.603447574565244 24.278032376099198 0.8428168641600959
22.21212473447295 1.6762609864664324 1.9106792438905893
20.85580005509017 4.904013843012425 0.6038606121484345
20.45457817147341 13.97555002030295 0.2928774327194979
2.7860328847948814 3.003874229276951 1.1526458518119092
22.377067015485615 4.595275503273016 0.21855326643615483
13.753905741118954 19.3665110695028 2.165471577215784
1.3063244982102344 11.116140264798105 0.6872549190565596
14.755536613217139 20.261185426176407 0.005601884216733621
9.574400593129173 19.41717706705887 1.556029218463268
12.491983373805471 13.895889670622843 0.19162527795604586
1.3787475775255076 12.613738364761437 1.357053245055477
21.06928581663174 9.20826683927369 1.9696565307452047
22.396049357501205 18.931275015208698 1.8610933156460292
20.39686530551357 4.5013603552463115 0.2308327838752387
3.465336855729975 18.724298417003844 0.11099014421619956
1.637575732482488 7.202253607187045 0.7125866259802552
17.03563363188852 1.2910611902948927 0.9049289457187544
20.384638366447454 9.788390692603913 1.621302273194607
10.978525760270244 10.479955980993113 1.7943991588907782
21.160243303508956 15.882758037304662 0.3097644238209904
14.235360149516495 5.128166613990653 0.8524701390108227
15.291049896220565 12.868794980768254 1.3709032022168564
10.518639579335698 10.816048099525933 1.6518307481335883
10.538510862882541 11.256750958534026 1.5715806532107754
