|V|=50 |C|=25
Truck speed 
5.0 
Drone speed 
10.0 
Location of Depot 
22.535058815539934 14.859511669288484
launch/retrieval locations (V), in format (x,y) 
14.048790277321178 11.110162488829015
14.232676790909016 18.504718862446968
13.720227833942545 4.937037031329836
10.925424800209468 4.568359290884108
11.484356057990821 15.460860375225725
12.905620395385162 19.967484739803982
12.237128198760008 12.97601910774997
16.812762199689523 18.653607558226923
7.774247713075594 7.000924281533216
21.887239805614197 18.683768880240457
6.26615022055301 2.100050449408872
10.578359388802138 12.300094158695144
10.986169761725584 14.671986432750822
14.05056251313086 24.59635949546962
21.18150192174935 7.0904299516162
23.519254027816622 1.1506300001277863
6.94652882701452 1.6320643537556272
20.83864447870832 21.7502123253932
24.27418680431601 16.512036761747872
22.871494927418972 14.854419672380168
5.188343063921941 10.177423870245732
8.07501367449566 16.26132964116121
5.796434540993936 11.497926839627826
7.99885221978106 2.0677677138860817
3.5041540808731257 1.681379719485507
5.584549107159739 5.326660134114011
16.2114959327042 17.211501020979533
6.515176513835372 10.273782726397604
16.567363845408867 3.424104548653459
19.419962666656755 24.40698434821254
22.825621452039375 19.440783693109136
6.6091523628961255 5.438466214564985
7.4871377016659215 7.481775651693204
17.56271595642916 22.657725791581658
6.45530774375731 18.506474452243616
18.817812258855703 21.157122376021505
14.451879281721395 21.450867260559367
22.416426260138774 9.525350732810972
6.943120796272817 13.832994334287868
20.99916567866872 2.839370327806032
5.861991150652296 7.457984739476179
20.718703111786134 8.833323373181154
4.191825030124619 22.579159889303128
8.22184586855653 20.753874560478533
22.535058815539934 14.859511669288484
10.481546532779268 11.487860126727952
11.88671585618023 20.399646464956504
18.779610934014823 7.4910738001405015
24.312944777173083 4.223640861159336
4.132757021198574 19.058798759646297
customer locations (C) and packages mass, in format (x,y,mass) 
17.713997385307533 16.175938947282866 1.7682224101418291
22.50086624760464 0.44803503584093796 1.475947859652204
21.95529879652228 5.067305805161862 1.0815809536666852
7.659084971800728 4.281390856210976 1.397748003491255
1.2022028162756881 18.29248525795928 0.976375085637557
1.9169960616204658 5.952650966903953 0.22413599766312867
0.5078477765428524 10.310294064558976 2.080012029154719
5.962270793988522 7.2864288164672715 0.8849497305391882
18.38292028473702 15.944353701006204 0.3269118203151435
22.727411721033917 20.477543453941777 0.3283402753843471
2.2810935208603054 7.540145924647018 0.1124769961752184
7.894721815686662 11.110731216438 1.8404927315258495
23.367325431645916 6.183560856853338 1.8275545587034683
22.01430477454613 15.072315464102168 0.4964763525596072
0.02082467610785288 20.35093965094223 2.1051727908517144
24.334786384420287 11.881555845169615 2.0742991346814343
12.01513822132218 15.292269930346974 1.5491282807008118
13.92862248371221 16.671622980846777 2.1805529537347734
21.886981222309593 23.44164020338518 1.357808269460018
11.40602790085751 21.24722296472105 0.14551667458689266
7.706358113081277 21.42059689714373 1.6823599997195358
11.032553681936758 22.432929736695435 0.8687573138564574
13.497240749893555 22.36530471472307 1.2418611476526344
11.682286352846374 9.583436505337195 0.875094755535304
13.367160714857931 7.6330950380620015 2.2582522353154313
