|V|=50 |C|=50
Truck speed 
5.0 
Drone speed 
10.0 
Location of Depot 
0.587055925701252 18.08114382311724
launch/retrieval locations (V), in format (x,y) 
12.233535753585281 1.9316411797213635
13.44673932450246 21.864882484657713
15.424371957812195 4.363140786744676
2.17851374776141 18.549755059760873
4.435176653367345 2.5133202435319966
4.404464688054754 10.670939423037385
20.628771267998758 0.6528587640665023
5.743932216512021 12.575155381983837
7.269975626738071 23.700318797216692
2.8780164693809924 0.6739049531907931
16.767095453251855 16.398665708288927
23.315108821812103 9.761187471694788
16.70866312137356 21.499938186815438
11.656052570821181 7.058486062857083
8.716991999585415 22.3659543237586
21.059953133403297 18.44375278879325
20.364065542564703 13.603561621085467
3.0658090422406135 9.596819280722846
22.487980655996534 13.562659821436293
13.646493109959906 2.123344033897359
14.507853024897688 9.545162321270054
19.830356338847675 7.72843207855706
9.296251379384342 21.264228654237122
4.1507505547629915 10.054634307427722
3.338651168678239 16.00056880376302
18.736529414547814 7.060395066972136
16.513113665258615 24.489033946894235
15.38372540348708 13.710419490983176
15.631834270217468 21.944770405881336
0.587055925701252 18.08114382311724
18.297222108365897 0.5481688438381788
6.208552350927066 14.212452951712775
11.614178139525539 1.3532868460597092
3.1491608980228625 24.840518136571557
18.467560307188382 1.8631779307172276
11.149333242667531 21.17828037300737
20.690474850282705 19.625020418466114
2.2596480358798936 1.3652522835484682
15.594912896208553 3.5879116397448536
1.125017902447098 24.1183910901436
0.4151363134764968 15.230178635835001
16.700970515098724 3.098262054028733
14.656519498662709 3.726352198193142
23.79142394744671 0.8233490649787761
18.606198611241126 20.55228785821002
7.550812987558972 16.461234585345704
19.223930384564756 15.477227002377813
19.197830108933022 1.5937061396802954
11.727575008987797 2.249020199487306
0.21325317228917118 7.665762634905793
customer locations (C) and packages mass, in format (x,y,mass) 
15.050823939094862 1.065455775880153 0.8555834916364912
14.869103186984667 21.554175562839117 0.92389802117524
5.002356580575359 0.5323824009470846 0.21719083770941952
13.378495646133903 24.317311928465696 2.0621671489981237
17.924442828722714 7.842400411795055 1.8060998768927365
20.211537695508042 18.901645065045972 0.9353225804310892
11.416060599987324 12.122998056161558 0.47626130935515115
12.640864775978352 23.25711121169871 1.4233555315577455
17.082663098422536 2.4372651365528464 0.15927231657957164
22.627129887567428 19.750179193034676 1.3176046080672745
16.345955049643397 10.431333444321808 0.3001830438625214
11.610317943629244 1.996364420688651 0.5941043325315492
22.870586373395792 8.325995602078496 0.3199423143217058
3.7463793277273365 0.7462044893470715 0.14220653500829467
12.104048336451351 18.27396425183291 0.9194200113807545
6.970984027937921 8.770043080983966 1.0712035776179059
24.708429725917576 13.633377197525842 0.48039174132685647
8.335491762940109 10.116643641915596 2.2854042929429808
0.23180773428039259 3.817219738953254 2.0710291100903073
9.625453344210877 12.219440452417684 1.6069759876628735
2.525409808776777 17.97454041672378 1.7854178117195862
10.684585977089151 8.20707896266955 0.27898992167584724
3.9857210143940778 1.3756073962929576 1.7434568038663203
4.542018037863743 20.64786415741664 1.9950035356657287
2.7800946588440762 10.349611342744119 2.0211546078760656
12.509356826581286 9.31862051291369 1.4122826076266666
13.726877171046645 15.88266718268698 0.6588130629336768
20.667516965630117 21.706419623209193 0.47572354024382835
15.244984655618657 15.460748742447194 0.3291951098187389
22.157666235963188 1.7214133043475384 2.166213952817804
8.655462790560636 7.881111900238364 1.9446211569096143
8.965577164239022 9.492523025002205 1.2458307726398479
5.0333176407194316 17.62745136506502 2.169733391230945
11.030549292602068 9.336544718316913 0.06185264056323311
6.920189483808311 21.749213302600307 0.7185491511385277
0.42288129467017155 9.287742495941412 1.190301117537965
7.2596326523057115 9.838536021356031 1.465342359171749
2.702699350426885 15.224913030874426 0.643492888114441
15.0355725918502 17.05941970556976 0.18461335665888728
12.902678065540545 21.555337297682566 1.5616707492186244
0.8943442952089903 2.3462908648694327 0.8699307587324522
8.951933749051827 4.312189835301264 0.29891943371395363
7.179624935393053 14.729846553501014 0.7181102973306662
21.202431757690764 5.8350743911306315 0.9479310683274429
7.239799991819401 0.3876181094879527 1.7664589436071307
17.770428762676957 9.312231020595716 1.9609597034268562
20.673762520827147 11.25257025237469 0.42708073700387267
8.25070163866806 12.478817870221338 1.6203958920048496
21.51776498832829 10.839437772780936 2.0363420777524013
21.2574678108879 7.634874784938877 2.0576982420222647
