|V|=25 |C|=25
Truck speed 
5.0 
Drone speed 
10.0 
Location of Depot 
6.63814727482353 20.647863701161025
launch/retrieval locations (V), in format (x,y) 
18.768258484102805 10.434081553019809
4.846639150633536 2.027528069652873
6.301341225447824 24.6016710666512
12.692294074454457 12.27933066842643
9.667589974545884 13.836037029833548
14.916389869833338 4.311914236422037
11.678622994300888 8.428424334663143
22.939757678000745 16.045124372928367
21.640844484127427 22.363634370671264
14.105893347062482 23.85870604121936
20.728306038776573 24.77583982293683
8.829788323616231 5.3755693877835435
14.672361025830558 11.115106153874505
9.209669797785452 19.170862149096678
23.403468829705968 5.990196992648814
15.717188294656657 2.231191645766564
18.054391774156365 13.586223022840095
22.41854498608272 24.756956716762282
11.326176918923709 19.60725533054364
15.550641036495296 12.63891929777681
19.580467156709215 10.239619812068296
1.4854883288626248 22.961891565757202
20.694411184317186 15.965809634930137
9.289240962784401 22.62499954715962
6.63814727482353 20.647863701161025
customer locations (C) and packages mass, in format (x,y,mass) 
9.798478610030445 6.326238533874712 1.7987628202995343
23.887645714283128 9.741050500509003 1.3809739690297556
4.640112898444998 1.2089468803948566 1.795445801273836
15.919797912216929 2.9868571857350616 0.5958900306956338
4.709737704991804 18.763604740578003 2.1233076229243113
8.973305523810463 2.2273226060197384 2.243405711904456
10.639012798414848 22.569061067313203 0.9429804182967527
19.31889964269728 14.7800601735918 0.7511154575581976
23.233299281914 22.312443831214328 1.2609453649108275
0.4516127032710898 11.615297454153028 0.1840726302419998
7.402229155116885 17.837126756473918 1.61388600128766
16.005738373944773 19.064099582784586 0.7559028834573555
8.870928719570939 12.150009673274395 0.7309214586715507
12.118486734849082 6.6183860267738535 0.1280607551944196
2.5430952273317042 15.941611454428365 0.4077794248268008
8.099733342300766 6.89063933040881 0.27196905960324647
24.760915477135736 19.319753502262035 0.7177038612208514
4.209291835706008 0.7397293783932141 1.6505235823858218
7.594608772351657 13.563070208243497 2.226038215848578
4.399609874215082 11.743749529870994 1.6338543277300073
8.339610981088045 18.158534210713846 0.04575345022851323
9.269587174272043 19.96771340524673 0.6604398160629531
21.557649302522137 22.49662672193746 0.27499901808911303
13.839290096702705 4.910048793828045 2.2858431829362327
11.981646865817758 21.637379469632474 1.8869675836122002
