|V|=25 |C|=25
Truck speed 
5.0 
Drone speed 
10.0 
Location of Depot 
5.95894080618643 8.567154279366568
launch/retrieval locations (V), in format (x,y) 
9.92426081305795 5.32836813671583
5.9917612415976595 6.322509312758787
6.984273948211161 17.69359439145458
12.00296941855232 5.647475800613414
5.95894080618643 8.567154279366568
19.115674273027285 9.423853560035225
16.680287342766036 19.023547983781462
23.31655929420523 4.816256521778447
18.67009510936745 1.9803413169073054
11.332770072778573 4.584940387694908
4.566121318837668 17.813154572984427
5.882670256684339 1.261873782089293
22.171600307524507 13.858568167581806
15.889827435934967 12.60436731646197
2.6720831161170273 9.354411621845216
12.495776070947699 8.683030276110085
19.155806471037835 13.466780966959599
20.119582827959814 1.5209796898705967
20.98504831676974 8.071635620457634
22.775525162775775 10.411522350274149
12.057717153842152 3.5393184572285907
16.681344773492146 13.11558724674509
1.83370976214558 7.735567766893436
16.539881973649823 1.6398788060172502
12.8657036552091 3.202290190422205
customer locations (C) and packages mass, in format (x,y,mass) 
8.196231798287748 24.373915882100782 1.18865811286961
16.545760363189814 21.906888999690878 0.8630910378004899
20.006072706563153 7.060010532295596 2.253540025950606
12.155493807814533 20.979677660448353 1.9561186215997233
1.167814333937736 0.9532630027450056 2.2280120381680977
15.1746706867065 14.215095970932346 0.8887451951507487
22.63301547980322 21.587760534599624 0.727562644495697
1.2881637249647055 5.422372136224862 0.03712042056691717
8.692577077688227 4.023703619505856 0.17678504971621628
0.4214271532524655 19.853041896237013 2.199544775807072
14.432421279741536 16.332502175597146 1.3440051147117187
2.6071679385198223 24.353656844331287 1.0259952156859609
23.523416775299747 3.9696267202448094 0.3630242933339582
10.184620237097327 3.7108523363292454 2.1574631437015777
15.533930818676714 1.384639881786018 0.09051291353265055
8.217499897434866 8.107161452182101 1.4917378980164375
8.398154459208595 1.1931821493306876 1.377590248194226
0.28848065256789623 15.34897055713583 1.681807029317899
21.666240445905668 2.146673810132743 1.710532798353196
6.743098665746511 11.355984420880358 1.5513457582651466
6.208981596099486 12.876721569442756 1.2729629308437984
8.99844727865286 2.1587929344703163 0.9974059172789703
4.602954911977084 17.297371707530328 1.8442646407187246
7.808149678474146 24.763782149295213 0.3053868439307824
7.027854683085966 9.732005185038489 0.6497242332537617
