|V|=25 |C|=50
Truck speed 
5.0 
Drone speed 
10.0 
Location of Depot 
10.321267859734595 8.694523704179522
launch/retrieval locations (V), in format (x,y) 
24.041727954152105 11.926442702803733
4.536778105133433 17.83443032932767
8.286877785434452 6.101506557048745
13.58135023147379 20.93117074906703
6.455134290662354 24.76154150877949
24.53977197368082 16.4292868376624
11.998542533925985 11.24459862843066
15.5224143339226 3.324426922574744
22.030640576751548 22.8761556063053
10.321267859734595 8.694523704179522
19.90129896240587 21.465864624360428
24.63901632978894 0.7802513883135548
19.29970820130058 9.940886586655484
14.408680031583469 19.93721010746448
19.14496890355995 3.6904596749475576
0.8523007389275222 1.603215635459612
23.564414007251337 7.460330231296725
16.332641711683582 17.87650300899034
1.5644439852753016 10.172485525579308
11.118774527396486 15.258346590950437
14.905960317933333 17.42849853887763
6.200111333974256 2.0288168579573664
3.4796747211013086 4.086502746080104
16.9134790632753 9.6690596771487
24.08484429443039 5.280117442648269
customer locations (C) and packages mass, in format (x,y,mass) 
17.44383871885421 12.042153493273814 0.9964566037330502
7.429252055729147 14.099131174622656 1.478925678800251
15.780723981080422 18.724843574801298 1.5365765001423481
17.69289588686594 6.751153644837937 0.32311684181779743
19.02525531312564 0.6813858510744286 0.9086523174711452
20.697735350230246 10.39201983509692 1.422081549376305
16.539537979165335 21.691893871839625 1.709949722664031
8.702726821529577 11.191048080773601 1.442537933577345
0.7543983372236829 2.2950368253023905 1.347016714656207
7.693982499155 15.825929194725965 1.3706252192097272
17.673313816727624 15.318782436496262 2.2222516362096303
24.36541060028856 12.113103668441935 1.343367109545802
0.8865968429783377 23.371126794074158 0.16858993600142969
4.803212073249294 23.27404218647163 1.663503763188572
3.170560718989207 0.6147218722886594 0.6788016385208326
3.2302059351581147 21.096254115380653 2.0476391809756644
4.79044759562001 15.648687186775708 0.1535545726526185
12.44647089479349 17.755870705362867 1.7741108784386623
9.535575048572465 6.3650658577571875 1.0649289826502482
24.217624144736874 20.558208357734284 2.0015379655508667
0.4748399996880981 24.613114024386515 0.5048087276204165
21.042656031460684 15.733936878802005 1.7724845202136688
14.243865231350403 2.5227036141817343 0.6018430344858943
6.158254819743428 16.436751968030247 1.7056851872283738
20.158823498503303 22.542904878658835 0.8012383606504013
23.76150326319795 20.83278578108484 0.6878504392175646
0.18077286170678775 13.18110363671911 1.2895107117460147
24.181541865312465 4.819915408917996 1.2763973580484065
1.4847265494719015 3.617572187794338 0.43741007520827546
3.181098913475633 14.67540702421403 1.5949963733991186
9.54679945901867 2.5693560735143257 1.1382889456022436
3.215015299186494 11.172997929930577 0.9357285091115984
6.782553905027558 23.271549479670313 0.2263227646897785
15.390845818442209 13.693396863742125 2.291294972520872
21.396706599738305 7.530242377828364 1.8075758214436128
5.879240900938535 4.888287642321101 0.33647359339271005
21.477418896591885 18.344854866803942 2.1003771550800328
23.361935234601503 1.9377407362003274 2.284677042235211
8.029275830043 3.3166962977270815 1.1650207519664966
17.519403847421003 14.988085422764275 1.1231837220867391
3.8105615224458127 0.3959097971783232 1.7140525761950147
6.750711821458302 3.214180180469764 1.3966980366401975
20.300894699613625 22.705831885023525 0.9024774385652939
1.3502368617043459 16.232631035429737 0.5229212058341975
19.195565932315397 2.447218742237717 1.3327488526961297
24.5166770363536 20.169957833385766 2.2730127831774256
18.704821475444223 22.668472539205652 2.0875099377764483
20.127864291158716 3.3650025880174903 0.7281236951429632
1.0098600235778106 13.28629483341082 0.22746196875836394
2.1460347284905286 11.942494483236688 2.1153546193232806
