|V|=25 |C|=25
Truck speed 
5.0 
Drone speed 
10.0 
Location of Depot 
3.443058801663515 17.478122225659558
launch/retrieval locations (V), in format (x,y) 
13.7476065567898 9.608263696334983
0.7446191568671712 8.435659295636288
24.310214508272068 18.540459986630864
2.562550783067463 3.468158947422395
13.972826022119007 7.999717669830334
24.925962539543477 13.770432054362297
8.04610841621654 8.65921574856067
7.178135853667433 14.948221669611076
18.458648341351594 15.037738216425566
11.643073738708026 3.532461622402905
6.664257155152131 3.335612563748447
14.321574193387674 19.606877806747804
20.677048695186624 10.434126365554269
16.729027989558972 3.7286078233362137
6.002260819369293 1.9101823855277948
16.69527425360554 10.47278615387832
23.24703567130003 21.053442519387424
4.928425718308188 5.127863608633184
16.294344430774263 24.875628146952057
12.489495165911087 0.5217489977718565
16.583707299355144 14.838555300681296
3.443058801663515 17.478122225659558
5.821187736031027 13.306813668461023
8.69051293530877 6.479146029554986
20.990067983554756 7.9111779360199055
customer locations (C) and packages mass, in format (x,y,mass) 
13.846757569721973 6.11619966008003 0.4597826711486362
22.383663225814253 9.802533066602448 1.112552801197232
10.493355193835999 19.898947847086752 2.0594569174968544
8.620812497418726 1.4655966003539744 0.2116669882695252
10.009396364000569 8.055950446047502 1.238524103484924
24.98323612675217 18.184769980234744 1.7436534905390628
6.662117037376502 15.31665916231821 0.8979441545582958
4.284478723753613 10.986731363957356 1.024241160473461
22.321666874855005 3.8929104618779937 2.1476124802700367
3.1367021669885977 1.1898683463593573 1.2351782139678829
20.985918855249743 10.026779732950693 1.5870475221902454
15.631372600806925 17.20745282520949 1.547814866047145
23.949064381512148 6.696601867119867 2.0636742901862966
7.944381307760395 22.551466754357712 0.7853564757943016
21.391490360465596 15.48763321946495 1.2585074834893775
2.187291287136259 11.380991777593094 0.4912737958979872
19.558512741805238 18.867684512659185 0.7654545050199651
8.179299385789173 7.491904613651432 1.8902557951841783
11.51445663019829 22.349060366155594 2.2165575300694034
19.926460764638943 9.187202321143898 0.7542326650251796
15.87257433340038 0.13171741076223042 1.751919718817869
11.456135662496274 24.463703398469335 1.2365283049112028
7.3150140230244745 12.402060360159203 1.5929595206630969
18.885596456172348 22.58981672574526 0.8426875279828061
11.645652252743316 2.7258068185641444 0.8127902998463679
