|V|=50 |C|=50
Truck speed 
5.0 
Drone speed 
10.0 
Location of Depot 
9.711802466043537 21.065823203138446
launch/retrieval locations (V), in format (x,y) 
11.210651812792788 20.763793268395805
22.16501654272285 20.95196773486451
8.589621211317397 12.193613485564711
10.905791104366058 0.9388755499764784
23.420739251239105 21.265271856165512
22.376324377000127 1.493837631583117
19.544150366263434 14.386096203411352
16.14671573805615 1.981402609544053
14.364798736201681 12.514850422134744
2.6811686761855165 20.89294382888137
15.486816458527631 15.139831548049296
15.971489998139454 4.581304402805827
10.290696675451894 17.618481684100903
4.179660341371785 21.830384109212154
24.69374314829935 18.767350727768477
22.163253387082467 9.905475255381473
10.953827151947095 22.876962378987816
17.273966666996802 18.448668735873426
15.682032261048759 12.394369387365526
4.22193767633966 4.1405323324919445
9.296593128254719 21.588280646697974
22.879089050684996 24.94253955577225
18.031380805464632 0.07992806439120481
18.631978530582742 16.82922060946204
0.5024317457713284 11.181908386232035
2.8061544840805084 10.334556439613477
2.104108817143968 23.11501895995938
8.42369062094578 23.025476270674265
24.848967483842188 1.7714979970330058
23.98624188028977 8.08247810314848
16.984686661785922 16.509648572722615
10.135583383862587 13.062226207491289
10.430321295531577 6.55250374824633
23.572559102704254 10.845541107325502
3.8825811463812476 18.125811887319326
21.782078579640043 24.212877640254995
3.7657198089555974 1.5180254795940984
3.6790913638018843 14.883774502269379
0.9190294690238826 1.4044273779047352
0.725905836151064 12.212696676034984
16.564734209255427 12.69111208175389
18.786769005170836 2.86762207658878
18.33951861317815 21.74792933626005
10.544785753189482 17.07703879422938
15.94145324732425 1.3970661715611787
0.905878736120283 1.872486161760409
15.437040352506362 11.90991224454751
9.711802466043537 21.065823203138446
11.167912730498793 16.80685594816938
16.282401560877684 19.17595634312564
customer locations (C) and packages mass, in format (x,y,mass) 
14.867705670262954 0.7103365178171617 0.14653150729388886
22.748887664172372 3.0608529394112627 2.286285064004107
2.4371385746807306 14.658894167481884 2.052029102889963
4.599390985362087 4.287842440896333 1.6695479075395332
21.09796187511188 20.892235235173057 0.9226210363100513
8.040325450976457 21.736048649425438 2.255364124510624
18.354064986406986 12.042963512494792 2.23508063402587
14.855019777830817 3.3972238224373092 1.2560536702241438
24.916616147746097 11.983335167880185 1.014015703313257
18.79811782115341 3.5318828810513567 1.4427672308310318
23.67422295706728 16.44305725581894 1.708754514046865
10.510551419812053 16.433958843682536 1.1162275205333831
10.039941594042348 22.624278965118418 0.7583907358699536
12.364124423407464 3.354047151603487 1.3176971236623274
16.210443172900277 23.808800361692175 0.9277298457260001
8.817256513672088 4.453762899072766 1.067282582794782
0.8797877616265382 11.451011059481 0.5388816470514238
9.234653755673495 20.22799712564706 0.7808678606745115
12.60604556337368 19.18867226245107 1.4792705327432554
9.294885617732982 8.939333578006355 1.3526207057763768
10.166051650838112 13.025396723427637 1.393509605601076
15.363969445708381 23.02752067686745 1.5562551633802761
22.58301465284798 20.143675928277812 2.199078188145112
6.847695978921855 20.014589412120458 0.9884580673126007
12.793381054206145 18.845722412786333 2.152889743908672
14.546585306621893 20.186162724811453 0.6976098709644282
4.592917356423223 12.354550905097952 1.1771466959493158
8.870626419811172 11.584673127636686 1.4289596009548367
15.354908425529587 15.40108981169021 1.0543173989985828
21.78668076885287 7.101033509074906 1.7974048457850396
9.733262980933882 10.104544024446094 0.04925238045481777
11.477373777725466 9.523643154694103 1.6077812201855466
9.153284955046953 2.057352883878605 0.2818667920139853
17.102611297756145 8.58032730857988 0.11769755386514234
6.88448763341834 22.94585138306656 0.8150087363823724
6.702595952147441 2.6179380883036645 1.1195468803365107
9.413777439894556 12.87279939649159 0.07537474792879709
7.011187096647781 24.24083690315073 1.4781668995984487
5.872811690173322 8.776138734126915 1.4705219349547205
4.259431091345981 15.371769119254012 1.423471384669164
0.37377027211419334 6.465098337355596 2.045239716767472
9.482867321007596 0.0203556340881067 1.9684452530274827
21.93330086379274 1.1386890265805028 0.5653659793329201
13.087887507525531 23.573906296507186 1.34347270187892
16.95539863603339 12.273297175316792 1.951935285351844
6.6849662278569255 6.707453418572023 0.013714520433338116
22.729090876688186 9.875806908159653 1.5980639715955391
10.234106859173398 11.618110218463688 1.1470289668753957
5.484530733937726 3.4214042738390624 1.5535022778844563
10.508690881818048 6.631127756334595 1.5590032408374035
