|V|=50 |C|=25
Truck speed 
5.0 
Drone speed 
10.0 
Location of Depot 
23.04710415670766 12.521310947534026
launch/retrieval locations (V), in format (x,y) 
6.196478650435569 9.318732418782192
0.2760181171979681 23.033760522353138
0.7402088129050299 3.6922750601328187
23.221947299509786 19.551428713357247
11.339245688197158 4.816695534284468
6.476378741680355 9.67496738399752
2.69282248435464 20.704837938675176
18.583152600315145 1.943919218182688
19.691581549602414 7.594011604019313
24.045248146367783 23.209066502006024
6.1394312469278765 17.70490509194695
9.78218273390905 10.307907804892027
0.33120644676725153 1.451783943570109
2.192748922483942 5.925880838945891
5.702174624176346 0.30020447667442607
0.1462677301704296 14.939522506439696
24.890258380906044 19.527013186093352
12.047692544468546 7.12472140049949
20.461469125394775 2.1847723399042565
11.742035695075023 14.54384155988497
0.5917958723389988 22.97365769979567
12.119953125071708 8.239319978890789
14.482358233559273 22.38396599600872
17.505789269522367 2.775456554522357
17.267226631345522 21.311479443466343
16.543494384700956 13.354069474049588
4.392696350289057 15.102792763782164
8.127132339994969 13.722333921142196
10.528007609334553 11.917732348788698
14.193770471351378 1.2355988421247244
24.467714039873453 3.9302055296157463
3.684090841234533 3.8503588816398397
18.41524082226336 0.707768067364245
10.500646343760959 15.346901733584751
19.75301249772759 23.838693028409207
5.959342507676438 6.815186033088144
15.01213325733261 0.08004006602661817
11.645443861769722 18.77735781401082
23.808002511427738 6.8540887905802235
4.2710578881153625 16.731018830578186
22.357822825476777 23.712572442402895
2.4452705912513113 13.690968032812695
23.04710415670766 12.521310947534026
11.46450365128208 22.178446120000082
15.916150028268145 15.215264663477738
6.331548903909868 24.345766818463794
23.966289061210446 9.143770397055048
24.121632908802866 23.649441337660512
6.691147892520216 18.565875911028648
21.308035766018286 15.764365701195866
customer locations (C) and packages mass, in format (x,y,mass) 
11.901505574264085 7.411584275254094 0.08796481001444857
16.546832413208755 5.235411828902664 0.1809553399831794
24.744293962829385 10.860820568761149 0.512261605697307
0.3509199147220393 1.4306306840750627 2.1290779178533406
15.81239994602166 11.553804929158856 0.17472306669966026
22.10423875554534 22.53611972440333 1.5869410059105924
4.767097033225765 23.1975499035637 1.2773986916216984
20.864791836848614 19.337734155552905 1.4017824045089706
23.5678032451085 1.4763276109575867 1.7326013150494448
15.251608761891639 3.7843790455721282 0.49778986525944596
22.637314486583847 13.965897921254793 0.517623418116061
3.764784491193826 6.437989844316788 1.994323691496894
0.571199866517505 10.986782542438295 0.4736295459141473
14.377673065982806 13.001951319829963 0.2814824798322614
13.563728647874315 4.657008023992862 1.4014251628600463
20.85310784268967 18.675213012460162 0.29242695308569455
15.800265243576131 10.155275485436125 0.9469036480035986
0.5734552301920354 21.764359245791354 0.08953655893089069
1.9032056862660158 21.721880225121534 0.27191303022033675
9.821196493951021 14.737129435965965 0.7127836320681614
8.582064933259486 1.8693294070023598 1.2182264239997338
23.298781947846646 16.202067383114485 1.5988873878368235
19.622401903961716 9.28303388290489 1.3199002242729039
24.755965682360873 5.498042211634624 1.1923643692677934
16.850441830589237 12.639655086816951 1.767005797834007
