|V|=50 |C|=25
Truck speed 
5.0 
Drone speed 
10.0 
Location of Depot 
17.837704108935277 20.750158808456494
launch/retrieval locations (V), in format (x,y) 
17.150681119071972 5.521618187219443
19.0126061407671 20.492165948107985
17.837704108935277 20.750158808456494
17.73419145019241 22.553188729091055
8.05631416730982 9.493131618366753
20.69027224716784 2.4264183594446487
15.024576847862845 20.803978013864317
21.193840652400397 1.9999965383557776
23.69868418092548 15.51152019054557
15.51200921694518 14.65159483599259
1.4323832962339993 18.014263303044743
4.203335062552255 22.551302470341046
24.828839984757398 19.42823625582047
10.051888693448802 10.734297584969172
19.79599674040778 12.248270446151452
6.7135640337762705 2.0143733163693973
4.552067102546231 6.766770162514235
19.60050518511538 13.650940962862665
15.018326881491864 20.377923947410935
1.3312372166737445 1.6976719552443786
18.959710423612027 17.057456638084503
21.08001632153486 17.186424232905765
3.8227151977153815 7.071172193527425
19.14586351706796 4.741043743751722
14.360464006779425 7.31969256989336
0.7363011275947046 17.535860542663585
12.733204219020447 19.681333151390028
10.329660364495993 10.051141930020115
11.062735390834503 13.107288558442121
17.310347826661264 16.436188935996206
1.2773592918378207 14.85281683809839
3.564557033645108 7.450666546606002
7.35278771794301 8.166208448997981
13.574656729229329 4.011612457535413
7.171775852914106 0.6021107897839523
14.180451908284752 20.431689567143106
22.742419838446466 4.941757993745838
1.4428225516183169 15.110728849719903
21.278725786085516 14.356489639331722
9.00027627192887 4.105219078525732
22.620799224183536 6.684214567798633
0.42376840229948476 12.156290496163468
8.796036979106564 0.8910911757583934
14.295959351564411 16.075874225590788
13.78596023476493 0.6733441745616131
0.45493138242398423 9.76757823148747
0.6048391522569724 13.116584331519832
4.951802030457508 10.037735037635825
14.72681220441624 0.05203740371219068
20.76999294441851 21.52966513949746
customer locations (C) and packages mass, in format (x,y,mass) 
15.690913129723086 16.274276682233072 1.5079198723646585
24.871359018238 24.74846880709736 0.6103097036881494
21.537101723878415 0.8113047338562246 0.7651823451982481
20.692436099713916 10.896141255118838 1.6721540920523843
11.934173162887946 22.516654977575097 1.7781630111345803
17.651684148328346 0.131341521390671 1.3580250502223177
13.971933960445426 21.28321066115735 0.7325121321082847
22.624981302683985 5.893065925635973 1.7222953923352133
24.71144333383 7.2283114182373405 0.21050391827169646
24.145214522781117 20.816159669564826 0.7105422645761095
20.19618470589655 13.064872097415995 1.135239401706642
20.494707849443476 11.664254879508743 0.506601255355627
6.902375502637509 18.93316156357437 2.060986348051476
0.7999146245602939 6.071205068300256 0.08835107747699494
18.747566313737643 10.386698676397183 1.7221575071569086
9.187391501012826 7.696674662763766 2.1069279892734
22.73042479460126 1.928425397567954 0.8065335586597533
19.141521741815552 10.654294946051479 1.0296970711491975
5.09156072385181 20.18614986635373 1.7002693963395763
22.324380365863988 16.834425276360335 0.5461206423722398
24.760483563122584 20.196565633594542 1.0744988824024106
18.049555157838693 19.9181827918041 1.9846008636210024
5.976341631014459 11.276234293208208 0.17058743649916808
18.342778794751542 18.204879007913235 1.0883578576132478
15.469899943891747 16.19863885164933 0.20265246109943114
