|V|=50 |C|=50
Truck speed 
5.0 
Drone speed 
10.0 
Location of Depot 
7.103593998793106 15.786239797665742
launch/retrieval locations (V), in format (x,y) 
2.7068487251746043 1.0489270171195608
22.44451255273552 20.59763205094529
12.136678676271284 12.613192537820328
8.279443520381943 24.791933312737946
22.00202286216595 12.70262949558061
12.802391018584256 17.07328590377301
7.103593998793106 15.786239797665742
7.325695941590007 18.864729406896725
16.45749482608964 19.838362308268138
3.374668402131298 13.743669595224015
11.984619191550031 10.400256636688917
22.29249913036681 4.668332060039387
1.8942442981250363 15.550078825245622
2.219793784906307 23.69754426827737
24.651640099834683 12.292438396455951
20.71552590107776 17.550103509548688
6.318681740110818 7.726888688275299
21.516424172166527 18.6280124297528
23.216445231205718 23.088401912972405
24.867901200738967 7.005992364112282
18.864983939711514 13.785233162944662
8.041536394562183 22.337637592544684
14.70922279296721 21.6254789197024
20.71677487085593 19.905151647021516
13.74761669235865 8.702978261026404
24.981686236127317 24.53709789532715
14.907516347504174 22.66819852145369
14.783473796411181 6.645122396163891
13.6943390961071 9.042964193318934
16.787927009629 17.76267516540905
10.37471006775616 14.749297089887936
18.877092653269674 19.495595040446226
7.152095097143607 8.452312638465143
0.4710951241546746 13.156920319895635
13.713379182024148 3.1054709305371215
12.964969823874501 14.315611468910516
12.552867134439538 5.484145305647156
13.367134072437095 2.063906498821902
16.828219011835905 9.804272206674542
12.172189585592703 7.125855801093872
23.278102787675287 14.336282726981631
7.468412381131759 22.961187046962568
20.295964757404537 24.114398037366232
7.92452573432483 0.804120823158358
0.13600949860938516 7.185828741382613
10.766090569711112 22.628720846510745
23.818586742185552 12.490135140217419
13.954798413918803 1.9184804943757738
1.0626059419167806 1.586301718204558
3.7019165335264588 8.927873716816586
customer locations (C) and packages mass, in format (x,y,mass) 
4.882394993686185 22.404796199291507 1.3918239583798198
4.9516002847001115 18.431162630936672 0.8249251700939315
9.654248990499282 16.163584463156646 0.3326820447707306
17.891683791886404 11.977843379400415 1.3659149742365666
4.215545702321877 12.951770399314977 1.0266920236023769
3.2642872623603103 0.9418732051891199 1.5938342290803498
2.469203182560725 8.655017065942088 0.1980733517459133
14.595884591185659 5.236249294189024 0.2392945575116382
20.009796531307853 20.600445975131542 0.33975905974405046
10.571049922064368 9.29999003903379 1.3773840599046656
13.320617452299398 16.39124390308663 0.8456003648412387
21.70252829852827 16.809203281313213 1.2728499482382005
16.838591139298188 11.539269143525738 1.1250529088929966
13.703281455502509 11.664498558851683 1.8345766713436644
18.785912244244784 3.923087170123801 1.6048508791612903
3.1465951705898805 12.542909034882213 1.107639032564661
11.408809511268903 0.5326134176814795 0.6240207649270031
14.53410736857253 12.717303554158796 1.3733574419271366
11.387065772708766 21.913912485590952 2.189354264289993
23.45936426689813 8.710986952547115 0.9235526905611792
15.662319652399487 13.31146282873511 1.8889621886553707
13.251126881911132 22.874665524058045 1.8864546908651392
10.854776732642287 4.24096823159146 0.32622208854937274
14.856398109871973 5.1358387733335285 1.019664240836697
2.830694134656861 9.479755759741101 0.6808304095906296
9.583550093012713 22.104533448494184 1.394589754764718
21.91999096132069 0.6618686109868321 0.5393190024107138
23.863186106631513 4.290445690965567 1.7224577335934184
13.48148279113551 12.197312624806711 1.386229447045403
14.007465135298409 19.617987534325753 0.988572261659765
23.63767888963395 14.614203063191363 1.5192729281835693
13.854768143181575 13.35805596372672 1.2687124017595581
4.385181929969906 14.67874652837505 0.16160996457422758
15.943442856889773 21.55305278448379 1.8383364637061048
19.93183939476955 22.1205494939433 0.7388693237675592
3.3838825194232367 12.595926566217642 1.0782041717587065
13.396419154181904 2.8438604665931426 2.204562480107802
6.139387663128621 24.815781854846513 2.248166160708402
14.8825056462005 5.780796102884131 0.8984785882509276
8.773346310489588 11.598592002694641 1.7296708191352617
13.92977309062827 18.638503384152692 1.2101192099655798
8.280649925786712 14.937801639459044 1.9131125635406019
0.04362403215778243 7.789408127777 2.116559594264434
9.634577426138058 16.065473878752755 1.7295174494259964
19.14509795866794 16.463301069619458 2.2320821316929167
8.722456658243107 17.481315886555578 1.8197853906419648
6.522549286758355 16.505810171806733 0.6013682113965579
4.885007132448446 19.912523464071793 1.9966083444039673
9.926349044060329 21.22517663859921 1.4679491233744282
5.774477059046629 18.27108328843852 0.5079148076189604
