|V|=25 |C|=25
Truck speed 
5.0 
Drone speed 
10.0 
Location of Depot 
22.779383476159033 8.558181413040685
launch/retrieval locations (V), in format (x,y) 
22.04592069638002 23.49988255373801
5.681037540694334 15.755349234280331
14.650541331678971 18.954807449147793
5.765857592972889 9.954716522336469
6.3118613574200735 1.6300191837426592
22.905766126867018 2.971176131867592
2.054781717698792 15.681520512114878
13.477485430208514 23.345214751450904
17.846804829119844 2.8584598610123773
17.13365255582272 7.1076173484617895
4.261904418160212 18.803623293295672
4.299200971118281 19.804003210964854
12.222338216579804 12.40772107853427
20.224373432879002 2.1592355534611944
0.3650983228913135 15.67566003347139
22.779383476159033 8.558181413040685
8.936852952316205 3.7664539006092292
7.248682249719315 2.2342377680251824
18.56645942269342 7.936334192056574
10.403700211650136 19.49879260485136
4.8298036316896695 10.260799566484327
18.254542750934984 11.994254034185413
6.823253188710732 14.275449200884626
17.16365882255211 9.466381824520584
19.801125944506474 5.225553704672553
customer locations (C) and packages mass, in format (x,y,mass) 
10.378372871940094 13.894565627608685 1.6828823825111785
14.60570596971261 13.650848174689962 0.351355712706277
3.281895827405601 17.880160608235354 2.26372615943211
2.5356669563645435 13.11163778504646 1.4583291632178137
2.825239562249815 11.047798315059895 2.16813769591927
24.4435151911713 18.994246920667642 1.825867819957915
9.5865029746766 20.36577979303542 0.8077958127737396
4.531156279274248 4.009647624409432 1.9276644071726996
20.172395779927545 3.5346397333356094 0.9258481008922599
11.643953891138992 24.31821366998423 1.310058923943295
4.766415669099996 5.646311233138287 0.7100281291053774
15.632401956871695 10.315091666305445 1.6463521602851183
1.7154759936352098 1.2406458790530235 0.48463556989605816
7.028290503948146 10.06560181302543 1.363225179509318
3.8811615853967503 11.513647224574353 2.2553788946503492
8.50590517268341 8.512147739151807 1.211609727914258
6.724141511436477 22.578426267468192 2.000733663642019
22.4370775534824 17.799160032845617 2.2712553296542883
9.880727980515863 24.769514655832587 1.6142268427645285
3.853778682345202 18.594337038422683 2.2695943129047467
2.8603395397771707 6.631227276612176 1.6916519921133661
6.317454117122997 9.091129219690695 2.128950011724394
13.01971389569651 10.985133213870887 0.44328712129836806
1.0679244043047986 18.915553532329714 2.034779696825815
3.799525533364692 3.35037839754109 0.08106731368704201
