|V|=25 |C|=50
Truck speed 
5.0 
Drone speed 
10.0 
Location of Depot 
15.029479028054318 4.073546070970494
launch/retrieval locations (V), in format (x,y) 
6.068630782410761 10.656765935285097
4.451594549194679 13.866273317350588
24.16639948147661 9.59390345869544
3.5026397577376356 12.10530608272692
24.52180031332327 10.406709344499829
2.4707945296636447 6.090737304918431
20.310071489086614 3.5745333793015313
7.804601723107979 17.14530221080999
23.047031250417444 4.790120430453787
23.21921592167132 0.6928720263677829
23.170794048364783 24.157482430943862
6.751987485382144 4.018312293848106
1.5836907191928928 2.505785614805167
24.503086211993246 14.683356277920964
14.921486390086718 10.158852208568774
5.432341235112795 18.231671103291777
11.974829192617486 14.0895168771248
22.79962016164333 14.236786300083134
2.1523451657628256 16.645307840598004
15.029479028054318 4.073546070970494
0.461587761631016 19.180608491082843
9.759915878320454 10.05316813427555
16.720089904653555 18.055756599714677
10.213723848581138 13.353753733995724
18.522281288020324 2.5885704231240423
customer locations (C) and packages mass, in format (x,y,mass) 
5.804873656781131 8.728219574105983 1.5142679805465438
9.973741217992355 16.82497529897721 1.2159958349842015
0.00894503301536731 24.447022151256494 0.4991073885536177
13.491330913044616 12.22279703158514 0.6131416123348847
2.042414518396124 14.14438765881258 2.067397216704769
12.983325432270679 23.85761175344686 1.6926918468252403
24.585219236033254 17.71496640167821 0.9091593695689374
22.7644247616126 8.451135977078476 0.33782095556798214
16.11949569514953 19.985135165813755 0.34448279257014014
1.6413919201612837 8.605314453548354 0.6359769546417897
10.499001632757091 3.5925461049577363 0.24776745871602604
8.165598023947092 6.982153706404265 0.7608522891605782
5.041302163063433 9.456801196360285 0.10247380335031048
21.358262728959556 12.558661539629554 2.186006297841369
8.963988475333853 7.4066737410333845 2.186443702185879
6.565628535155738 19.585050679523146 0.9032840188882112
19.174573452160477 10.214395850437135 0.9205467334601021
4.49360823838015 23.67221836765041 0.659548221637692
17.156278418011794 23.21440563284261 0.27252329731939745
7.628376310641921 20.472431143735857 1.8575153419435395
14.814366164291012 24.86143472378722 0.5377083274568482
10.237253498236143 6.049238253603506 2.1657655520554853
22.156011562234433 3.3137058671951687 1.0687541634479727
5.345544416602769 9.017620717697412 0.8300237133084089
22.51244514885113 14.938094054803184 1.1789935941459442
2.0549757235664017 5.791665643347282 1.7809697693883475
1.1632195611213147 18.56183097966186 1.3501680516299719
24.78661086322828 15.042704091232773 0.5082182190772744
9.936810733227583 4.1978229277645385 2.0964229800935783
13.254111437633417 3.5903120514795326 1.2977986103217312
3.245677921895335 13.28796251785834 0.35552306045786713
23.470499471607333 21.912572654625357 1.7148700529609782
12.113158126731966 2.341895847205508 0.059141758169671606
19.689787103503424 19.313490670105722 0.80644408126946
16.038109134811396 13.511846028624607 0.944613063618552
4.927342933608345 23.80511061685665 0.031514467659313025
15.881979909406818 18.880457199349422 0.7057748465683664
6.131611802176648 2.2413490252994523 2.089269841081287
16.36948189892104 24.80410523719701 1.3850692098996784
13.063176724719483 13.82290364678841 0.5511391516152003
1.6346279706208917 23.049379437932668 0.21250735987938135
8.137915436319235 10.426432066022857 1.655924971869326
3.5656722614105156 1.2015706883331145 0.9257344767623299
7.666346649590686 23.68407947588014 0.3180216154725842
19.957179897366437 6.329569590981385 2.1865526546698035
0.16857312448762263 7.058810392375175 0.3771244876974021
5.397762824264765 22.848866624966643 1.9014215552376164
21.173234495299997 23.951627147135106 1.5074299072705604
3.375975464517442 19.267147644802122 0.09134185211731584
7.127650417153561 21.12495770674907 0.775214096394506
