|V|=50 |C|=50
Truck speed 
5.0 
Drone speed 
10.0 
Location of Depot 
4.650547828905036 4.890221811095302
launch/retrieval locations (V), in format (x,y) 
21.8630502956263 1.0291163697550954
24.445279046203236 24.61368979640414
17.917038469782796 21.61070773984572
11.350475518080374 17.22044455522021
1.9031767663143628 16.81042946481799
16.973706912544507 22.08766858117486
20.353682296932295 24.006929719861592
10.468493640706091 9.25472653997298
2.019401779144342 14.133681798376822
10.918433974979239 13.749486201176506
1.795498757836922 14.223647325909688
3.7829192013546784 20.90836052765028
5.805420846329453 18.490730413034644
16.72575203730026 6.699718384816958
11.5608338639228 14.174734702015886
18.373482231585836 0.9745697248322194
20.327297382266398 5.9304109572177826
17.382824430213667 23.010065131978404
5.653898824051809 8.314083017301623
11.270249885247935 14.114665882513243
21.076797460034353 13.02637053246674
1.0815969505959284 22.99532313164685
15.542329346585394 24.751306055684587
2.2342947589796216 7.266300405774223
19.96369201560887 2.611525665402978
0.981396791505243 18.70534358889419
17.513556883065146 16.42065910286069
4.650547828905036 4.890221811095302
3.3670002170721802 7.386549355927483
15.143599075039175 23.18803188612744
16.418400307529115 20.982641156795516
9.32611372024329 2.047284563889798
3.132462080972656 22.34982741067966
8.763204074860356 22.153853943494784
13.8659650785544 12.178755659876856
6.450442707957002 4.148163308983074
4.984455546624872 3.2871946543422514
9.564496797712854 1.9494809875362895
11.285960468960255 13.370115141296823
22.520885739138507 24.486663882859027
21.390447267082706 6.5420311465067025
2.970041085132477 11.262998354573552
13.486457647636584 3.615653420199136
8.976602437100981 10.23987620439327
22.443101050584634 3.5294132910504317
6.1442930703519085 12.184535531278678
2.153784353764876 9.436766033335639
8.265700652671 23.791454936908863
21.186128487944487 8.665970313040235
3.736594347165825 14.255633602577708
customer locations (C) and packages mass, in format (x,y,mass) 
12.962984466781727 0.6988340840758639 0.47556624971284284
1.280936384619988 21.95015656614273 1.7402939174958019
18.11306880261017 15.815398601411973 1.6319051330900913
19.584085814476033 23.136800118482064 1.0564216678496126
8.018283043669141 1.5696057872829794 0.6076457070571738
9.71528902333287 0.43082850112240445 0.36700641441970916
23.579335937989953 6.5411822872789935 0.9024795286409208
10.544914762843346 3.0341033394612387 0.45124107228775184
0.770815265617919 12.231717750034141 0.7046801302320262
0.46543678021248036 22.930503988477426 0.6383801627812935
15.58269237940417 11.769231984418175 1.318073754631804
9.068986288045874 16.94581943081415 1.1710116104444794
16.072060433513823 14.352207405464332 1.3744798347539697
2.005430938265479 8.07643623548257 0.8889120839031968
23.171383480751746 19.275489855511495 0.8362321641527637
13.520460378046002 20.570822180573472 0.1342476081756815
13.090888936490808 1.7661581414619736 1.074457337661952
21.983757045278352 24.693238947148856 2.10826675219101
21.626182043537437 7.702812447275279 1.1560520653737085
18.58632710385199 20.227878955403238 0.7771968085519623
10.230808561570228 14.778923683502718 1.4093325959286729
9.212291678823034 15.634282790911481 1.4503141713909544
24.647004525554628 22.644059950271377 0.15527922579020093
19.871920193385108 21.70134246597763 1.4995236374409433
9.035411073154858 19.46054827597969 0.47962494831976427
22.043881763051502 7.520252240847569 0.48577513253778065
11.115462024094994 5.567997063117594 2.0917153574766254
3.663571939396709 17.754761118402463 1.5854547673590087
0.034573426516326666 1.5297440425131148 1.3725223289713107
18.030014182934632 15.6869090235289 1.7324687160501955
19.579447579400995 19.08340577142821 1.2566369951884546
15.276863965782317 10.724035563057862 1.5183323513353952
14.811748535535225 16.552024967506423 0.4437473317715021
0.2872537769575606 14.415256474232125 1.688993354512011
10.436132321238519 17.37200071540378 1.6439784155314865
0.7461916302392096 21.2129640561206 1.1651032122221727
0.5142102097903528 9.536496343610956 1.6503479287423417
19.039505886619338 0.46518365133796646 0.8748750928320599
3.167291850723239 10.79828269286955 0.20504826957361297
3.020841483167269 3.4613073730792365 2.2160734433576694
16.830375160218 15.29324494997859 1.7656043372724615
4.3723010805864355 9.316591998632756 1.8443008523555837
6.379294157290053 3.272573297839501 2.0675786054345227
12.428309135823248 18.5222941407598 0.9050436987338907
18.313801378761184 21.536870585691283 0.9366261396413532
13.932243298761012 5.538172090460902 0.8316417827389783
2.7762888557393395 20.043945633113005 1.980217153639105
10.793181766261961 6.193087462353142 1.0624544020998459
18.030950245547338 2.568357705784674 1.696178166847104
15.917256118398464 6.853205518755731 2.2032476589785346
