|V|=50 |C|=25
Truck speed 
5.0 
Drone speed 
10.0 
Location of Depot 
14.726010348215496 7.711056346073825
launch/retrieval locations (V), in format (x,y) 
14.726010348215496 7.711056346073825
19.219422429015545 5.696478402294527
1.4707832418499516 4.824786607910022
6.0270926700527445 23.92596412420389
18.000280156946246 19.521203304061036
14.59775001145468 19.40111961695026
12.309066858790324 24.381793950468296
10.464060738681866 4.885368617669525
22.068801661800734 6.17254533471592
5.745540836537244 5.139314288581645
17.558670161999572 21.582796804694972
8.842856867367201 4.407090639373451
7.753206704437471 23.855701148662646
12.309295576311014 2.081147313374215
16.59140810894131 21.920740823278315
0.7315918911672464 21.435967803438512
1.8328016851814122 23.726589383183345
15.434042478551376 18.185536052203968
15.80326176190282 23.0445743051227
13.603802740514087 15.674739755614192
23.8702239484113 14.552398545619418
16.067228492919703 8.815729596709417
21.99354081851163 11.061365197142695
15.689710347114255 12.66656727315954
8.049510332306104 22.232567087171
21.43110073298267 24.456810599716658
14.93278847316809 11.012191310827388
4.478265863340727 1.6203455593778338
9.202660671257085 3.614124628777546
2.9737458107321757 24.071996042706676
6.248077703371904 6.835417451353151
9.789826951364432 0.4756881082899761
14.953814947776864 9.812701324491794
13.844537530877762 0.4263489421633265
22.938853888655863 5.9233504491294084
22.859348419328697 24.427493758717937
2.9822537490237497 0.4410675524296165
1.7240244745599154 9.434596574624358
11.353707500659091 4.948466725085937
21.574572666642467 19.256471642524975
14.901742144300743 24.48986585224574
22.618158884789068 8.741117475730581
11.339415959368207 10.784584105007744
9.976182069436248 19.10589753248944
7.80967289393826 21.18459811592658
6.309558255164577 20.17894539367473
21.97487684001614 11.25869491512107
13.734735473301546 1.1873034463053378
10.609146105789241 15.230641939606432
16.24488061807382 11.264994066971232
customer locations (C) and packages mass, in format (x,y,mass) 
3.273419505899358 19.748739135263925 1.8024734386270311
21.216618260606666 14.081234180555303 1.090871654679756
24.71127974641529 8.836951566502366 2.2012610488318867
19.03499759631316 10.002493398426044 0.8466948155876145
15.790452095267312 7.739703502916054 1.8221771215767768
20.72051166726228 8.00480141605907 1.6631659571013755
20.101375349069812 8.671401929447878 0.4291489306709791
8.420214923496008 22.075985942616352 1.4172398543372193
17.466322864936306 14.772060894701275 0.3602454336251294
2.8993643848675283 14.0529809058771 1.722773149478073
9.932145335014376 4.450312452758104 2.008352041690098
19.71181782543015 3.6964990175163748 1.9264632676955078
0.6764035740839558 21.000842416685988 1.644338897887023
11.160769800709442 9.796627521194484 0.3331287256577685
9.349220627334024 24.06522415054714 1.2318257006943363
14.265168523439433 2.565982303923314 1.9089462627671152
2.4677898521318324 11.352636123161897 0.935476446221803
19.997970718541037 19.278723704219626 0.6108210154964784
10.248013324640286 8.732548776344895 0.032195546178179685
19.463820709078373 14.97526098640027 0.2688878880173418
10.914891177418056 14.109362836217063 1.7403536240517457
20.3429466494255 8.58815317960519 1.9794051555848344
13.5169847515238 22.291334542743037 1.1569525104554228
0.41249186235374213 7.685162725957809 0.4856521692084483
17.904682428613402 23.383433343484448 1.9722472083635414
