|V|=25 |C|=25
Truck speed 
5.0 
Drone speed 
10.0 
Location of Depot 
0.6257536732426294 18.095994396007065
launch/retrieval locations (V), in format (x,y) 
0.473566061847408 17.819112858096226
1.716567053294657 15.488564577342162
0.6721277041146806 13.287049639986028
13.213357356899147 11.28108489676653
3.478365566818295 24.490030423235414
21.19403804628332 22.40545570766149
12.895437601136273 4.92663282369254
11.927775433835386 16.579783831050634
0.979045366342049 23.515792990641522
22.203192430683156 9.800588835459804
9.016852246959846 12.858245988908957
24.23385019091101 14.273272565213796
5.984131836517653 22.920627573319045
21.978073308658704 6.229926970939403
0.6257536732426294 18.095994396007065
14.651190457791389 7.732332587389804
5.649957292333374 13.121921109355714
24.11816505288917 16.864222103392926
16.93229042181245 10.081167295066184
8.897449892584723 4.731548680827011
4.0653788197972105 6.197699546605126
23.703454079919187 16.72588882015451
11.925657246424246 1.8569651451368407
23.438104954896247 3.1217971657823975
0.7952522952828944 4.769577585520285
customer locations (C) and packages mass, in format (x,y,mass) 
17.59535605152843 17.549589560911087 1.84824327181429
16.224662361741704 21.940936739493985 0.4390491997759106
20.135272919847278 2.715869793911041 1.8053330258385198
23.61181554116314 6.932229707797835 0.8873900639069455
15.431005574038434 14.941231631881507 0.12112234481421968
19.93818903827251 23.330547614798153 0.8871729503777178
20.639182989183105 3.652392681526137 0.38448306059225135
14.137422201490079 9.607869443393227 1.6828867689812772
9.692856950219145 1.7288197900691111 0.940616442646438
20.386217977579456 23.34948386234177 1.8340489745160495
8.677733005525162 7.7338738783089 2.2179595557094927
15.580620473426086 13.896126700588237 1.0656644880093826
10.77997124737887 2.3462090546755245 0.6475742467185053
3.0206968509693373 20.01897429598673 1.3910669644806952
2.511869460533947 1.2725517235132044 1.2038239076763309
2.6238843048964733 5.432214323436909 1.2587627243043482
5.880837857468368 0.8371959711502064 0.9772462205803083
1.753342220550208 2.583992801022034 0.9170172896028436
17.77694714853797 16.789378526856414 0.7113390537260094
7.393769636236189 6.888593093027112 2.10152623566368
17.05243596065867 12.263027319219377 1.3596938725895014
17.71841530332162 15.801833871688883 1.812265124770628
17.116680535390287 12.079525197352206 1.000516960134465
19.309666540288305 8.900107103208008 0.8620962934225761
12.932981866282645 23.89883944506436 0.3408934417002709
