|V|=50 |C|=50
Truck speed 
5.0 
Drone speed 
10.0 
Location of Depot 
14.259005003294941 20.152563564168062
launch/retrieval locations (V), in format (x,y) 
12.626000843259904 3.2347867974324487
19.830144637638973 2.1461195700042843
14.79210286766253 3.224882399389423
15.349851792071952 2.091165707460801
20.029398957323803 0.9616689581205234
10.164581054308258 2.7791419493243597
7.029214184625851 14.757814382597475
17.470171495299898 4.873021349450857
15.863198416243149 12.41246140336187
11.687825405614321 12.467771505792916
4.168267869176259 19.00294209168419
17.518904450523447 7.149656229501428
6.056068633323541 16.942186037543795
21.72051311922247 5.984592054887589
16.349903053956595 20.56771393112471
17.663059505595136 23.089747227719055
10.48819561957797 14.732359380739208
4.8059462602355385 6.0594242375366205
9.811298257352039 4.171982515714714
8.682617338478583 19.855413894492717
8.829401246432877 24.451774215749257
8.310248210272094 21.524631447823165
9.93479422861451 18.881462557199644
17.139165246503108 1.837191611000724
15.630018560831042 12.26777990269095
18.44450175442149 7.894164508376994
14.259005003294941 20.152563564168062
16.716250483672855 5.487295928409444
0.26273542074941036 16.189335345168146
7.781987380697156 24.94549964922982
21.602013092569887 13.06888105451173
7.182248952197276 16.14966513960338
20.259002271913335 2.8093654962622114
14.401387040493754 16.46562915847033
9.544035932000636 2.7295547778608236
20.42238066535725 14.008037837116236
5.620515563120379 14.981871821689802
19.133990657723295 14.852978045596268
22.983516957841083 14.791339196146613
11.494461401978985 18.138939159084103
7.383386693806821 6.286963946647764
19.46583791902011 10.356733236401508
14.965688196939533 0.7157253865717084
11.297509457958618 9.723475091927947
3.2706390447163116 15.080374194040164
19.281398460425663 0.7484068489557266
19.363551832065614 18.648518308689543
10.832040926116896 10.589217176826255
13.813679818016 23.686294123089063
21.943554198488936 5.016126800510359
customer locations (C) and packages mass, in format (x,y,mass) 
11.63166364359787 7.085615961807237 0.6669540473616684
11.534463862175548 15.515409090551065 1.3237074013672336
18.19431333276505 7.702390348342017 0.932649957032693
20.66398371352326 16.655161825120423 1.9230725647499
6.446617351525558 3.0719706144707066 1.3971801491073461
0.16620113315952145 8.40609462369466 0.1815878535128338
1.5215751794181887 22.535043575422087 1.6072893391181022
3.9053414177551287 0.4644126342601973 2.0649820839762896
3.53752421778952 2.484864696630387 2.213122690892421
3.659401413729388 9.146666109738613 1.57740476706988
0.6534826326162535 24.237906798821218 1.229711768697461
22.14803947560757 5.024207619898879 2.2943310266301653
6.653919935996811 3.230292442830382 1.389146585626979
0.9258021975113578 1.9500528905527892 2.269484750605982
22.142032633569617 6.739284516783228 1.1253034851907069
4.265794587047375 19.69655376341036 0.5933611020215502
15.133443940233693 14.820867575759413 0.6376672222205837
10.821254073147218 8.532422949201358 1.710830934815145
15.77752840028841 15.383895923219306 2.138384124717667
17.32224246633706 24.016688999387714 0.904589248955241
16.42279286757516 0.5669907376431027 0.1845687886706578
18.63233705829941 12.745876206093925 1.373728040076698
6.181783150598935 12.281902442751754 1.0964748332802587
17.229822324391648 16.542540085609943 0.9662854344737817
9.799085821580276 3.765034554042676 1.9835996914835747
19.202330929986992 19.173158942299118 1.2778678352723565
0.3178189061813885 4.997380035067522 2.0499857738235754
16.77008593380382 18.273920665327044 1.0320213961860134
8.365278600960458 13.92981342673069 1.6374886364540278
6.57618546041728 14.071862127292425 1.62631818315259
10.583521417855726 17.84911235601739 1.597705355795715
16.81250180297299 16.705823300003967 0.7802238052702316
16.835288975837305 18.982227873731905 0.9803457418692829
8.954931018549345 15.92760842113465 0.6454374891743437
11.411790137889236 24.369002451246047 0.5093010961548964
3.972311610651297 21.65474692250485 1.8883883222861044
12.300144156776053 24.092196138311937 1.1601982913340683
1.8274855049505963 15.671739619648434 1.8905421448525468
16.004350792555012 22.11510058074185 0.28434621495860257
1.153567124264121 0.038837209582107124 2.2113929946610997
1.1403137365888023 21.59913299172952 2.0718948542759263
2.6257624745080115 13.101322434047685 0.2957662186059272
18.483792983108298 9.353291582830364 1.8126201742652424
24.28506224503957 7.353932720192175 0.4910620639451626
21.23015558212746 24.049880108678458 2.0731256662784743
1.9217529979035142 16.867250661206885 0.6652254136488533
1.2540264150166487 6.7238531898668965 1.0203511526484954
20.117168323711454 2.2867723104114335 1.743840406983699
3.3999297284729337 2.167755257943285 2.0383287299015835
13.135533597906973 12.29480765436081 1.9936276740108572
