|V|=50 |C|=50
Truck speed 
5.0 
Drone speed 
10.0 
Location of Depot 
1.6136607361905226 20.317315445070847
launch/retrieval locations (V), in format (x,y) 
7.326523655635561 14.640363294680341
23.46022427487774 24.194401368334674
23.175127643552536 0.026430222749895815
9.484203543716644 22.478501032188788
5.579722942902701 8.010901498776699
9.406723886651339 13.603880051286577
10.285297325913948 23.179766859963216
22.538772341414624 13.972328501093417
12.394856235376517 6.914109484902872
8.859668485325397 2.60079835533151
14.721718734043657 7.509336915497414
17.930758944375196 8.75787781919345
2.47717470303479 11.666711642316985
21.35152032288343 9.283333794514991
4.3476746631460585 2.1175240205572377
12.309800822202451 22.510468818609386
23.372199859865596 8.20219820186369
3.272215290951433 14.582575578257195
14.451931993046419 13.673437836203986
23.854137040190942 2.9027894200588045
9.706172995614354 17.506709761577895
18.46734101688665 7.166101686082133
5.560598543954446 11.83353147078372
2.9428358640136403 8.803555617992542
2.359881757173152 19.453342153408492
5.012403598964116 12.918274261653066
17.04318376326489 17.147465643182038
13.594108784780179 3.8012728053411244
18.968227324660873 23.565049405808317
1.593020661788977 0.7049082224489855
3.645148982163282 5.992913803108591
3.0783033152093826 13.424269703372053
15.52322393797293 19.207293362217122
7.920195318266238 11.818929924127254
6.251086087576829 17.573008396227358
7.655367173197594 16.538562494208985
13.954946794300941 17.764921703414355
7.20735991595621 22.72048343988803
18.02612534474325 11.027675558949248
6.567128799223054 5.342850723842934
1.6136607361905226 20.317315445070847
20.267445452550373 9.29282739991922
2.4628420529263897 5.9120706994677805
2.3519339878725787 0.9322648157528202
4.058586533404895 22.778211832441475
5.156984169497939 16.99804337171966
18.650952215202587 10.00883475110112
21.211542482886237 5.146515434454912
20.35928483415165 23.327329106715165
4.516891764721392 4.28490384865362
customer locations (C) and packages mass, in format (x,y,mass) 
13.032121523954729 22.24205511111281 2.128682654621031
5.258511102605937 18.29076289501752 0.8799525417532332
19.244421312737376 5.865529878099116 1.356793669364591
11.795321139795789 9.03015264771157 0.5982821275661141
4.5713479623745 1.6687090185654312 1.3500319464199686
3.5562786263704766 17.605320163292372 0.9492876927722723
0.09213014653253193 5.241055990955701 1.9169378343418884
15.075191698242262 11.112410270998932 0.14134017123758272
12.6667477936513 11.53693222795607 1.0337768636701525
5.181331186093852 8.459001032480609 0.8315967173926759
0.4011143148732077 16.948011398310364 1.6350350919043912
20.602497359032448 24.267034929444225 0.2695846114032866
20.554790817982745 2.978695962710634 0.485325143123577
13.719699130184045 13.892562278831614 1.053171663588854
1.8379507909965258 3.7322228763567193 1.9328047012391918
2.5698439451225767 5.54181009170476 2.2571053374290657
3.5497047070662453 11.442989933371337 1.5955169870357404
17.81071330732892 4.256652140185194 1.878555318187258
24.84464341238613 3.293837873470673 1.6583425335529116
2.6954038000608667 15.736580681969366 0.22081474573164955
10.336017526442948 17.629789932979 1.6923919132052472
13.130374308145775 22.06061176191844 1.766940227654696
20.988146681449322 7.574906590821823 1.0905453752533336
17.95610559814763 21.57497638042461 1.8427770420728389
20.543204389153004 0.31654957177622844 2.149933874837581
22.264372152295753 8.564699259967654 1.6369656363701655
15.378042173552883 6.185142910927347 0.896983421297126
20.8126904469169 8.473428800450511 0.8331981713405072
12.24700228979582 18.252143835950392 2.020655684095003
1.3376197361679694 23.093943397755044 0.005410243371160883
5.457034410234668 6.543163280856265 1.4980711949410181
23.933068410074668 14.857188077406397 1.4382317470116068
9.808683602229767 19.5351360085521 1.4446748149513977
12.604256858426647 16.62724805536337 0.7272418671594244
24.208749837650213 9.117931322037062 1.2880273015465593
17.41580579357905 16.986812201649638 1.211679272697512
10.251273501640615 2.1733029864154316 2.0191674818058716
17.179141571169794 13.850053513770149 2.2163136444408535
13.716924350851112 23.932110515454315 0.9144257825965942
24.00108799516444 8.50333368075313 1.9931040370166653
0.26666012840105835 9.461588220448164 1.1080715975896787
12.186439351014233 4.9383671602940575 1.9087819990862505
17.326029678232807 9.075410375076531 0.5693840467123958
13.765099341034794 2.375098956270996 1.3638924716129346
7.860263848976389 3.677045758156078 0.16034934738327355
14.799403256565924 16.308099064870134 0.3701282852235545
0.6448408021353297 10.268009583358118 1.51687768326822
18.837893154466474 15.161716621912255 0.2648137540906684
16.647881603584292 23.671011154385276 0.674054006646218
8.618473784877253 10.992855234433389 0.05253321893768706
