|V|=25 |C|=50
Truck speed 
5.0 
Drone speed 
10.0 
Location of Depot 
19.732462434128774 23.613928589132517
launch/retrieval locations (V), in format (x,y) 
16.11814812800665 7.986267275981579
21.078541457008505 18.342573103248398
23.204756655404708 2.464139368900348
0.3026830706532174 21.21107478942774
19.732462434128774 23.613928589132517
6.6455883068550765 20.82183460755663
14.11932794159828 20.81324337730835
1.5245254841434908 16.513560299296717
11.450115329835569 16.159941139220805
14.160685509129841 5.954445630443447
16.45622460035179 4.382009681571461
20.045850134857073 12.794089120016089
2.5480108282675937 18.355971211167326
16.366151454871744 17.265420730054228
10.829728796820376 11.415626390985798
10.440105188295847 22.67325122742779
16.876008965163393 15.71959689617406
21.886004929167765 22.397174491639106
1.098853117638976 8.189707897701446
20.728793746138077 9.045530988116363
18.435453311651372 17.252800257787932
22.11818318836119 6.018191816864457
9.456025403139003 20.335826073975092
6.37563209645085 10.93322672256321
10.841155238479935 5.901716902239901
customer locations (C) and packages mass, in format (x,y,mass) 
10.730602629512095 12.279541954599793 0.8170575340920905
14.957020493816131 11.445945414983639 0.8747549495422446
19.699077983051367 0.718172406654502 0.7546770618772861
8.085555743717718 11.551119169890928 0.5489847727099129
15.392351622730235 3.0412865074198825 0.39165679239299256
19.113134948039082 10.654357619722024 1.553729864528347
18.49411161746152 8.45593411296318 0.2590048836414682
2.840759593513087 12.769062358883653 1.4314838238994099
11.265870214299065 19.764322737682686 0.9946356879111236
7.648958987304607 21.97452441185721 1.4789427761333191
23.45232940306195 8.14078019823102 0.2541590542796976
21.74758369915756 6.140445505639991 1.8023043782930197
8.529119014988687 18.810200605028953 0.25297337137267956
21.463117952855416 12.527109254614455 1.6815323699784654
18.84067785137207 3.565013388477725 1.8723700911732177
2.269681171286389 5.801894594849899 1.3155570711100002
5.978657536998513 9.964412140686829 0.5616473575371635
4.417600030531266 7.534501485126591 0.7336930272175544
0.6835420447795476 23.23376612594801 0.03713028883880669
15.470767791180956 9.924269565060632 1.2114776748637341
11.949429430330202 1.81318392017453 1.0438452034944767
10.660137821460783 14.871302379010057 0.059291918357782795
1.1274401073854468 2.171326600829429 1.8797365887831181
22.786621993356075 24.050386429294022 0.9918794644952849
10.574042061229441 7.977943564416989 1.8196268345153532
13.020286555768449 10.402759695998368 0.8648970810496945
4.619817069045295 20.789947854720715 2.127142804848806
14.055492212672386 3.183469590824353 1.3919947727053739
10.818593886789083 7.951199087781608 1.6416429478606642
24.87582254459062 3.6909499383643434 2.0754818970514983
13.519083151808708 23.466636304984693 2.0956557133658618
4.993478084951675 5.029200739321396 1.0042283159648682
2.9241817708959976 13.241077947111664 0.1489720738892573
7.075138812783091 1.739603572807738 0.937162438460263
9.015646714919894 6.416850837324414 1.1290350904259459
20.844128567334124 1.7180914302892702 0.11170022044373866
11.481600357063693 14.39289680418361 0.26142903287513963
5.939846863580161 22.322395967121043 2.2590762204534958
7.457965139791101 14.6610316816248 1.9658840961012454
24.707275400209603 6.6866275508402655 0.3730737211307289
24.67345452582526 14.039770798910528 1.4689161153078187
0.5006121659619334 8.748456370598603 1.5896618300000558
15.29919757638529 0.5942716196309261 1.0148047495760852
13.496601018841151 12.389530328131066 1.8812533033235166
20.703788794425108 0.6765705634683206 1.417198141616248
14.819245686148191 5.670687359744081 0.6376124909054122
1.1787823567229876 3.9993501966730625 0.69396660387311
10.518189584297206 20.53878354651106 0.0184418713227682
24.492286219101402 4.546128221667223 2.0805277369547426
21.600075778500443 6.455957865792191 1.3132421083820867
