|V|=50 |C|=50
Truck speed 
5.0 
Drone speed 
10.0 
Location of Depot 
9.095077037639232 18.408511065743145
launch/retrieval locations (V), in format (x,y) 
1.5673203983132904 16.638578236372414
4.202042641574765 22.45157362951671
9.095077037639232 18.408511065743145
18.93002050895351 5.206639695920773
22.163621397111875 5.130259491197542
1.506177227388894 8.508156999476027
9.842018869272875 18.939768509780244
10.567979519364389 5.189571626066111
4.817588354629154 10.63871428608979
14.547904905809684 4.158028770404931
19.59487180506721 0.6516280010542413
8.051482578864436 3.1445728630781904
15.270436394624436 14.11660560049574
4.699170112364828 2.659040444676558
13.241393169134133 5.4431759949202245
18.518989752039065 1.6172202760186605
22.628105189982517 11.361717168678865
21.065889380162506 21.09483329119636
14.518917738338866 10.144489612439376
20.470321343347294 23.573833444937367
9.05396486395819 20.562497131370318
1.5771973979068958 17.453151709448537
13.203978312666981 20.297944068525048
21.90143456446971 6.842087235002109
7.287392919646138 14.293225165911009
19.576972798010807 21.885673895303867
5.225585665321594 4.849410400308251
5.050940268169956 22.801781374823427
1.421664246194776 17.263927305687375
1.887423047874956 21.553573419232038
14.999414752226839 0.5983523284896736
12.427440347202035 24.26578656976089
10.323793188689844 3.208845545951161
6.8989975588203745 3.3045147788633322
20.293817811680327 21.384490467354293
5.469625439879374 14.898835490545709
17.606557993062303 5.007496597226449
2.539598762523734 17.620076227179833
3.928649448981858 2.3967587852553844
16.5062101716251 14.298551566486829
15.261840798858357 18.029469871335046
2.6421286678523783 2.210012459691696
2.6122356777844855 11.93073286353212
23.13654610626166 9.0941569469928
17.464851753663336 14.142269038936389
15.832255413305719 22.14275626712057
9.316654024329758 0.5208909904642373
18.869713492338786 10.264815411368655
4.817349628387693 11.773815745846589
13.254182988201151 0.043168253263173306
customer locations (C) and packages mass, in format (x,y,mass) 
10.063280994093441 19.329444932710405 0.3439068421036659
2.387852133342214 6.60450761052922 0.4076571252675057
9.926756262939104 5.312387247047997 0.9970166363250093
4.798847070142218 7.557360184983142 1.703289703066698
8.337588440526854 11.938583848244559 2.1427625936717023
24.165930839229688 6.165959459275058 1.9687926528114117
6.100862891457884 2.7125067337003013 1.0503166436659772
14.050276478392048 11.495119750212924 0.6670458505195642
16.404353174649184 11.27974652484488 1.3707794501297044
5.622437507746239 1.8786107544026236 0.7808120664995759
19.37110960143695 7.256589926769285 1.6417396086097817
11.7188015084154 14.178799185403049 1.293404168569191
23.318895776039007 14.009874756635632 0.7931615550129039
6.151741250740347 12.247727153355234 0.7037589655311204
10.987829181254458 11.502470993503605 1.6693450036316118
0.07244110773226842 14.607885835950226 0.1497707571742103
15.964539125000037 21.300924380855438 1.1486743290036507
10.271749812189213 23.291599260139716 0.4817735099694442
12.545921657761147 2.6518506654701928 1.8718627267074017
3.288861797266435 16.16770750028854 0.41170566949533915
23.005126904842623 16.747862650749212 1.2671984613346456
9.901532122536283 24.316493540004686 1.1666195477865233
11.592399304951678 7.8853896833474995 2.2258268539135924
5.422447993860594 21.68500701887193 1.220228711166501
0.031261646081398586 10.822602767271276 1.286638059051063
22.015347022934833 4.434185483007217 2.2804984961101455
18.735715869124057 11.684226203686796 0.6666496194918176
6.994857228323998 21.01367857768067 0.527301919571637
15.628461938455024 13.054519469328248 0.8627232591651227
15.907739380774133 7.515010677019782 0.47950915457033966
14.258317030912245 21.415767454299264 1.6498480422401736
4.695047463575353 15.954869280939828 1.792108799281907
7.78630924796217 16.20960853614578 1.6001384433696086
5.467589020306896 9.861235646446515 2.2737497156085413
5.304029198478608 14.292661512209804 2.2321853142073476
6.569242505248169 6.933205115239935 1.9204757174087226
19.94477642661878 5.144127231344855 0.011018042603604727
9.68103746477438 9.250095400165273 1.4286970076049972
24.285136959000877 11.373465706236424 1.4266167999128194
12.278549432677268 19.818853154685463 1.1159818120580423
2.818260828290342 8.28807393491029 1.9627176493215868
24.105654436878766 4.340361103057281 0.25281585745568724
7.920499990894947 1.3899619947543684 0.42959329328456397
2.3995791145482643 15.249288090013374 2.176329793520888
18.792839608850752 11.112092466751958 0.6520634108526872
7.199472243179544 2.9568553505146338 0.4485747678154846
13.545196520387034 22.699124682481884 0.06669403351487756
19.65068202203632 10.022009205376294 1.0032216800585099
9.074647814692566 24.907429035159232 1.7228153674982614
2.739594086434205 15.316895534827191 0.5251839045892329
