|V|=50 |C|=50
Truck speed 
5.0 
Drone speed 
10.0 
Location of Depot 
6.537928422905434 14.70368423156397
launch/retrieval locations (V), in format (x,y) 
12.415476280822505 20.503631513303826
6.098251802226468 16.75623903594734
12.841988252294106 9.863376499645124
0.7554797439237315 19.906201942255606
11.86941241432103 9.116653768446273
7.56896546441079 0.15011998975310858
15.221052588961797 14.63695033220411
1.6673941555492677 13.260358242918688
16.12354264106367 15.056274177434043
23.43662572847026 13.750263208412223
5.98732838097665 4.870963319522617
16.123483679099593 12.223166274819478
20.70204992232667 0.9849154673292698
19.467838142716335 16.523898893827013
6.537928422905434 14.70368423156397
21.174992161201626 12.17572647571222
11.0639482950374 21.553158097385182
20.34377786168939 4.399898664724791
17.672328828269425 19.445593710259022
2.323892974143402 7.987050821886255
5.72686645101618 23.583924658828565
18.755967230448924 20.65156150982903
2.331847815994606 2.310249533021458
0.14012168448508666 17.89086702940438
19.356739253960487 18.02091062952915
14.023443951789835 16.162448510422227
10.5721117969617 23.938181267168297
21.07370107806323 20.23882851724268
21.395756794760022 11.299302321494917
8.860466586866753 18.610847749029848
7.998746415757044 17.329659602239715
17.402072150063137 22.166928546689075
5.501994860397791 7.605545376955209
5.637543265676298 22.41577235589141
5.887710788395864 14.449950209366413
21.448337629195706 13.282160050235008
1.080280230108785 14.656873235000159
5.930151949747911 7.171259374150588
19.368930296419787 14.578151548766142
5.355582566760569 6.345984660093423
23.209048488832135 10.9796371168697
1.6049437156128858 24.367722481190935
21.19992028655143 19.80166818075452
11.571775557582614 20.57049373395829
11.872570137425043 8.741429485570915
0.977652100091847 12.430590782539705
18.567365988907 18.284995782664975
18.659648293289457 14.449277889852238
12.423609652960229 9.72340685331416
19.145820442969473 2.9723378893207557
customer locations (C) and packages mass, in format (x,y,mass) 
1.1325834438690703 22.54986251003269 1.9507446747852282
10.54829846993955 19.40008752946574 2.204234723686514
21.847418666130782 14.092978141424792 0.7100272132755505
14.16867198435009 9.84295613774563 0.990413673828838
9.630376500706127 3.570173972963253 2.178529055280328
24.147891643377456 20.708052489345526 0.055048337433111647
8.445701425760927 5.676637242335364 1.6141711581595122
22.44130950783114 5.399171515573603 1.0238593211540707
21.947872251600373 4.211117643641785 1.7360046111332148
10.94939289449991 20.79197824361784 0.014370965716184668
8.570849872436037 3.9107785490384046 1.9145307900184667
9.377913619009847 6.158123983445352 1.4442697016476256
17.445158646214797 19.11728429017966 1.9475953198087215
10.492503593090316 13.794470715125124 1.9110712328245487
23.560832335603532 0.07328231290259779 1.0059024700427803
23.437332686022096 18.49596187081996 0.2900635929331963
14.727296234446113 14.899036400644713 1.6918232130432247
14.548483484352866 4.546687006503877 0.13918876390608875
2.0400200304886402 7.033598123922361 0.5625567543059309
0.5385369183123739 11.75511966384524 0.662654063800491
16.64446934936753 0.3466757468025411 1.7946056111692055
1.7360999062957823 11.875593223808318 0.3255765837488271
13.878910527458144 22.36750875888626 1.2883860654730153
4.713955007357143 15.259644374258421 0.9049981403814422
21.567990982364105 22.661754372687795 1.1986741059543953
16.148971982502786 0.5677336523260468 0.2628779814238918
9.68702147277234 2.3599669252537705 2.0545966947429553
9.922892815098491 22.490038433343983 0.8856595796839171
22.351794957165392 0.33165708753376266 0.4003479899564962
6.048245047186504 13.712594335779368 0.3774462786287862
14.6672337117213 18.615408510546644 1.602716094565448
23.730816391687846 15.128821646366417 2.0266015083933135
7.465231048849885 16.40755909563973 0.07489190885096647
4.339830970172826 12.69120461275648 1.0025629371622609
15.514307056715616 4.449797663316462 1.9390152511416698
24.9822660532746 4.825160115280544 0.6251042703531576
6.323579118354853 1.1246135050125061 1.0676566193203396
23.59975531620447 4.542917615986192 0.7841793303941672
7.602503868972824 5.5419458364792895 1.915094228639246
15.809075973386571 3.587845538125578 2.045726875042647
10.765660218167246 13.771014319835711 0.540566020147179
1.096969830833125 23.603520982593015 1.1579694891230836
22.848077561763354 1.6699832174485425 1.993982991206016
7.50047478032998 16.52822803998143 1.1880568929134077
11.118172849308664 14.011628462901928 1.9846895844501578
20.117874788840346 13.302558980277862 2.0014123533985697
10.39223779432448 17.30415102383902 0.49024313443652034
14.755874467078641 5.353204168595335 1.2592983245143354
10.557511041913623 19.430899100122417 1.4707865140014076
14.389904858438868 5.200576731039375 0.14156314904415412
