|V|=50 |C|=50
Truck speed 
5.0 
Drone speed 
10.0 
Location of Depot 
16.67650496607752 7.938342457753997
launch/retrieval locations (V), in format (x,y) 
20.12064896958195 20.155767619740654
24.802924157593054 5.133416613439282
16.318204619356017 10.292931368737559
20.514884863791348 21.59117124973228
13.60266249606095 15.472569843017089
0.024954351075962 14.946065964978208
1.7820443145843052 12.058128972820914
3.002431612982395 20.52669041691472
23.049077140263392 12.45709218107765
0.3513955693670856 20.618538231502857
12.392071328119265 15.290892229359315
10.583664378669358 23.41068303006377
19.985651616839384 13.406111131888649
17.52194914878266 2.6589077360004376
0.8248836992455322 19.22793846206566
11.23401581481416 19.77831190097769
17.97423230724773 23.8660001084246
11.245445040698373 20.25911149188139
6.48958998936113 9.879606724912234
10.139976096387976 11.11008342036946
9.925012395939278 22.699315307475736
14.718148891775979 14.704107463020177
16.74359275836884 14.215842621196728
7.888824151343943 5.557630344541003
0.8806840159728713 1.9485966001966337
18.033001720550327 2.5472319561463896
1.7881668845493053 23.631148993389964
16.67650496607752 7.938342457753997
23.851940604857656 13.802775089748708
10.385506558428464 13.815594573165079
24.097922369107696 19.392205941699828
23.393404908815285 21.42811021778157
22.497083879837724 10.680986429302678
18.97974563165704 19.673013136696603
16.40308343125797 0.44868693438507024
14.42976921755737 3.995344056967584
15.149266668722547 24.580587912722144
24.00762951481701 12.103378984948469
4.285994542880078 6.872496108229464
11.352911438211946 23.658332781707248
13.050346734330715 6.683138108176035
21.590364593084477 18.676913612297376
0.5684700595222303 19.252704038880776
23.783357926270916 8.071810247721029
11.714310528679494 4.188008496288184
6.253483422866923 2.363556807954587
14.086823049374555 16.375106417164208
9.406445344184904 12.072145147524877
19.221154600367893 22.58366905352585
8.328715855266458 8.036834732750552
customer locations (C) and packages mass, in format (x,y,mass) 
23.541034762263845 20.187672109360793 1.5053239526964233
1.234295325954557 2.1894756087593588 1.0474337086617693
11.608443228137691 7.368907130399174 1.721911632761545
24.19600462724894 15.181042113046766 0.17712113042315325
1.0753463881493397 8.239574975883334 0.0429973662619164
2.0073707987493195 1.722251464729213 2.180856641530884
15.131722169711662 21.76898453424118 0.13931019204368192
7.124113420615666 5.3943310144761645 1.4519713413167985
14.164039364734707 14.571000598676587 1.5302093704817308
24.875669022462898 23.583064668276183 0.6794218629580692
18.165655557268014 12.770088023734036 1.0480629693138506
21.454842468646575 6.237901767120227 2.1449298169247415
12.854715895611534 7.467594453271619 1.9883351415619537
6.370287961217364 22.654671772665075 0.22421391392901938
16.061046368540058 2.909111841099052 1.7930084124917933
6.6873428237418455 20.34948031258997 1.307188950169523
23.346359525875982 6.898903696169922 0.8191546530412943
23.950886522887004 0.018380384684288376 0.4040031756868139
23.876955044492195 9.814604070222522 1.0828213862592033
17.481631548484398 2.609800615757521 0.9445088449685939
4.342007940342368 1.039208988958401 1.0096158520574194
23.635800838544025 18.828737463392674 0.43647956872048876
2.4677763695994033 23.60903642864533 1.6954347277421369
10.267137531586199 14.02599371397184 0.9200548196650389
8.668381587373286 10.762406106416572 0.8465224461507405
6.7257331066977954 9.205231079497366 0.05273094852275027
1.1084863493440538 5.354387794666082 0.07327551942457881
9.216039787220653 2.631535774836685 1.059833440786924
3.0033912472991116 18.756549311746998 1.0622805176094605
1.2256571365781233 17.75452369456449 1.5753511881423305
22.116816194057616 15.50806217435669 0.30847927542038767
15.021364166720403 15.88180381209266 2.146889955615395
11.78773739480821 0.32338607453110957 0.34764892631339533
9.82103344255325 23.52445137588094 1.9676133708650976
8.102405104685714 7.393355923885656 0.262006750541074
10.01836850142572 10.100991834455018 0.6811605409993726
19.994268757000455 2.8164988180576223 0.005370627083862467
23.17663836555775 15.213469654232364 2.1510094970109472
20.314538457166122 0.6217875525130617 0.02238058839330733
0.05629549287720359 10.553060740831821 0.6825083703674183
14.712965172721681 0.47252552289009375 1.9012174733372766
15.532358280581892 9.690960262158614 1.4108571235838703
1.1416619799990868 1.7825033224242586 1.1613151135307296
18.02163989282844 8.526489173593419 0.9157432237719418
5.157316536394344 24.339021965147733 1.4605920140358835
2.4888532270747303 12.229539450648822 0.3610342603262269
18.46602328728315 9.058428530108053 1.1832546802516761
7.165294235986747 22.51881883783676 2.016435927860983
5.946832859263135 3.8657588579568665 1.9819972956754677
16.912159203002698 13.7015065622016 1.1228530073863272
