|V|=50 |C|=25
Truck speed 
5.0 
Drone speed 
10.0 
Location of Depot 
21.306627217813638 23.852072017095537
launch/retrieval locations (V), in format (x,y) 
21.306627217813638 23.852072017095537
24.71462592366973 14.582307873848798
19.92203992645711 4.820932860427926
9.172333521681136 3.474780200822203
20.68694187960598 10.405657730837339
11.950019061105627 15.97251759785908
6.645233202805195 14.491801870136797
8.891723392600651 0.5848789244565777
12.571191442244817 10.230886399161468
2.973470210384094 2.356456045727981
5.7533615352514635 21.686993309135765
14.112086451658042 0.21905590711923384
15.43558055637485 21.07868709935682
6.14502703225509 23.216821420953572
14.051629008337663 0.28775216444773544
3.483401845247189 22.0499240220189
0.8653465901724805 15.096716955863007
5.958494503012429 24.393887058267534
12.490974621649247 13.881472544552517
7.497549482310351 4.34369748756157
14.734547416201208 16.901534386458383
23.13995293805485 2.7688399877665804
18.31136267601277 23.968471480958137
16.521430584150785 15.763100773863489
6.644795603490486 9.113886530608193
3.247190325634092 0.7407734318311987
0.37957963525588334 9.635071271133
24.739011704506655 5.365041605227439
10.055030956098102 4.0107581076915615
3.7037792061845014 5.129323908538627
5.5068354552234355 7.480265124767513
14.133438893687872 17.8614348295631
19.356598887258926 0.7404916269411893
8.117039750500012 5.107149352933845
23.241510127577946 10.274193312221144
12.32160614429434 16.550154298674386
24.91990568545741 4.312255385097064
22.131500291523956 12.298634036647064
7.612215910650696 8.37394900437484
3.4511758982536085 22.899588319632333
19.643095050555072 18.712627007674744
17.982278123007738 19.496986804786143
5.740698840439565 5.686402347677394
23.953081215970528 13.560028622145074
8.43629746888436 15.683116795468392
10.553557772926755 5.877692398374734
6.127122823484921 15.41736240464957
3.8775705410091454 16.23097860554021
11.473770528056537 12.603536875630294
18.770670575543793 19.597846599129106
customer locations (C) and packages mass, in format (x,y,mass) 
5.608668351594249 21.581816925135193 0.13755323233548788
15.112217580316797 11.443702398438624 2.109044972520966
11.780593545026338 7.651507195347643 1.4375158694157308
12.341847057688762 14.384328718372211 0.43835971558561754
15.103524343809028 4.455221550029381 0.08117004504530795
13.809833802370223 5.5505984107287745 0.7732468469939695
7.871347189433902 0.28260779567710337 0.26747712974234245
8.36606571250272 16.228158056850955 2.299606633659874
14.975761334731036 4.220512992335151 1.5319553523437766
9.17487019232556 19.018778687869492 2.173957167860118
24.839339642360052 6.360887959032749 0.7636448075254222
4.642394881222417 22.946031705619333 0.49671211306139657
19.02058365929334 19.38762363583374 0.5679821964323262
21.181715689583818 15.451109090998944 1.2514245898949135
13.362026133484672 6.868321495584523 0.7099360665625846
20.37142670206911 4.061064849302889 0.37665578715537956
6.573858806668803 2.5840802816585544 1.1144949032224645
19.30688399759129 16.55220773896165 1.0918584191050789
19.944935463599258 15.12302540204978 1.884344826601075
8.774127032260573 3.7564386899754165 1.3384995998257767
22.10793147813951 16.902176928408558 0.25380827763400593
11.643212652835592 21.129212721747006 1.169427298512894
10.472702944467747 23.22525246824075 2.0501145776876157
24.508854101773707 22.602738562781163 1.4077049264049069
22.465290774216935 24.966382307954067 0.37771390583317754
