|V|=50 |C|=25
Truck speed 
5.0 
Drone speed 
10.0 
Location of Depot 
5.4411759253447824 24.40783985888741
launch/retrieval locations (V), in format (x,y) 
3.5318681089285207 8.030174488313865
13.298179472285602 12.360130968964627
13.054575411818071 23.405151906789584
7.323845322103065 3.5515898218198005
20.066063957949286 4.0878222145827205
20.387470705400183 18.8374989450897
9.187602690390126 13.347891747685233
7.800258748142993 9.928001691239485
14.647960309761093 20.244265415192018
23.374095168033417 14.611707319643486
20.98056396906606 6.117650345971834
7.706707567817822 17.729273799260408
1.0750314104278125 15.05425202849511
3.54253337309145 1.8707957289263972
11.966041179437473 5.9647903444623145
17.898457171457206 22.068036986132963
2.9873725199540484 22.532167560233844
11.004246441061463 20.402461607600937
3.8445516959223074 4.874182207334831
17.792055083739175 23.08212827979637
2.988854090476381 19.63565007790743
11.392573770196021 12.967685955383141
15.036100740812428 23.78435083122351
19.102234628909287 2.1707902120783107
4.310640024916163 23.707949215589597
7.773264951459835 11.0582042263716
7.572489968042401 22.57801490967579
9.739565651474091 1.779788182606243
8.39370371615053 18.19539830012488
24.960331301563254 4.424217932524954
12.785541961093044 5.197662161015634
9.315572967193544 6.78587950975291
17.0288981780671 1.5916717224430499
16.124970661076983 21.56965895516071
11.884025802729392 24.925949742608772
16.14920584218561 7.946723265051947
24.909854320900376 21.544474876713775
5.83134145106449 20.90101136479596
23.21066857502802 16.251902483584008
1.2764014204223406 4.690414224204084
18.733101433846137 7.955341996028942
15.211786026721738 13.961910821692939
22.04652162056848 6.24940169504826
5.4411759253447824 24.40783985888741
21.670944819723832 23.424802275574912
9.35339137387443 20.816345653385085
9.005093877992271 22.001164522229917
12.925474430833974 17.34659091950396
5.696606662876411 3.8563694746302306
19.246362311695485 23.537307346584917
customer locations (C) and packages mass, in format (x,y,mass) 
21.813096561528248 3.153673723185979 0.5630582795767555
13.032687908167585 24.35657253399331 0.578384048774933
20.48102394836371 0.7210933342428866 1.6148805397310755
20.03882561852635 19.611098559216735 0.7301858787737208
6.0872477774195275 11.586059110156278 1.9185676657530704
24.95100219238332 10.129185059357596 0.27228585209927986
23.675124173470415 1.372023835395536 0.014846194210807594
11.137968930672024 18.211792636095918 1.007562744488079
22.390077058621433 23.116522946205237 2.090243300666558
17.483087250202907 6.3119301268317916 0.1866199380898069
9.199383852381803 1.3250519412586204 0.2410706917232658
8.585379158647205 19.32858838774904 1.6498000776755049
0.6516230234065556 17.428161350006626 1.8836624367815737
8.909508920024233 4.322182340134181 0.6631453277203703
2.400027659384424 4.967129404170747 0.8686255994998799
9.178585883404056 19.291374757660247 2.127202933365127
6.5093588443420725 8.69393678361828 0.09493689656711715
6.290648803689544 6.999709149812408 2.173328022172307
15.700897188025067 1.7336148003437608 0.7131475328412564
10.229783130501078 17.480149103231923 1.4769790388850357
21.514102787652956 19.653433165766703 1.6242364888950456
23.88709116660386 16.131554050448326 0.004389895127521314
5.656650139982705 11.14916665218892 1.2838001404790185
5.593400125755476 15.522843642639797 1.5893535007203945
11.985144856241565 4.753530319244695 0.02601582093936677
