|V|=50 |C|=25
Truck speed 
5.0 
Drone speed 
10.0 
Location of Depot 
8.30935618317393 2.3286129135175555
launch/retrieval locations (V), in format (x,y) 
1.3106190669189777 10.865387074886513
6.564341838561408 12.428401463295174
17.157775185352627 17.181258092237396
6.608264318251727 5.81528544426945
13.97694215386586 2.6183754140752886
7.9452550308178465 4.611108500996205
2.927121587440404 14.02536870716023
8.30935618317393 2.3286129135175555
19.530315754040057 4.669282831844232
23.644527764526995 10.739940936894083
7.857129761783593 21.04283499583681
24.59581276833813 17.325995401383214
16.760107908923956 11.46549906340178
5.701066855190473 2.2474722882905143
20.88317937340887 5.536995942375425
12.249915272418516 22.033658199045053
2.4017389491336165 22.339468465175848
0.04446355994658091 5.842259223820401
1.0489906066765835 3.8945254673845744
5.45757082920737 21.347085762988275
18.7524178383771 17.15351450902827
6.566342372202752 1.1417055390319952
8.320581390499965 17.947072496758157
19.320564311055136 15.045811181842081
1.3096205402645307 24.28105796361321
11.622805919299642 1.685007905339908
1.9298330188198043 3.3464457967920636
11.141732509695801 7.960030648395727
7.515259075650335 11.432597632340006
1.8497418441802749 23.56050621122577
19.869595164373866 6.259811349297639
18.373981932147743 0.8664318324313441
9.505070688973644 16.443830730887207
20.709715431280436 13.667199351542877
10.981768841605918 1.8124939877565498
3.3444768403508767 16.17942912645339
21.01226982903957 9.653920706615992
0.22367184684068953 21.683190619023396
11.543422215357962 6.081845262348656
2.296581517600621 9.66167660350824
5.149349948505042 20.78876008576291
21.128494790981243 1.4647663916325437
2.3015292359180344 6.206169406607745
17.95258389342597 17.269530871417775
21.07804891353146 4.543036990701451
16.997943793750327 20.571879540369995
2.2575463122399193 16.470150347007642
19.73267355373619 12.024780194285523
19.468369911157893 24.061276974952968
22.84965916081803 0.36730210940773556
customer locations (C) and packages mass, in format (x,y,mass) 
12.330297348712937 17.85843497149322 1.494318710173378
23.691602817971376 19.282561662806298 0.8469795805256508
10.679545052841286 13.918886087010648 1.1210864812351733
11.587802243645484 0.5659593714674088 1.3574007922426334
5.010101632638214 17.87723132958244 1.9593334596127097
16.022530962332755 6.674213051501288 0.0232698119945102
3.1833236974198957 11.644790809401536 1.4955796515953896
7.000113432639388 12.420108948317981 2.0811894240103097
20.15527368017926 12.404541212646828 1.5652203569323595
5.440086304324546 22.070129226690607 1.4919732665679661
5.561464701454167 23.479148382511877 0.36387347051243385
1.7897189286075033 22.033447951602824 2.286392095347891
23.18717077302953 24.272451638103323 0.6434723416085544
12.597760494098464 4.5171625596309415 0.7553129536769089
9.047133298968134 13.560049620626627 1.3313084197711007
0.48244389937272814 22.579458648787938 1.7877609985631142
6.810766299435994 16.1995878564198 1.3500587661398675
17.892940829493075 21.340864922477042 0.3838005192759252
18.49718250248041 12.947192079073758 1.115848852950902
7.050514902749569 4.351125250497937 1.0087471354259399
10.45233068876962 13.487772219591212 0.1354664753280283
23.40531073236455 4.01026161059177 1.7508131718446742
21.848527343008904 24.400005468378787 0.46024947524299825
7.096836215245047 15.59253173013489 1.506713058058676
3.4144590756404387 18.12268521906925 1.330292228727648
