|V|=50 |C|=25
Truck speed 
5.0 
Drone speed 
10.0 
Location of Depot 
21.59178038895977 2.2303778307439486
launch/retrieval locations (V), in format (x,y) 
19.83563819348149 12.88947208444574
8.32965331471643 18.091480460138452
22.77367061882853 20.93475280536305
6.091526323783744 14.785040174228413
7.549756704301721 3.3487104495717124
21.59178038895977 2.2303778307439486
5.085805095329918 12.415387219216836
17.66446237732349 16.529079751207306
16.776665929080302 1.9312431370805987
7.75811372868826 5.373072372041671
2.742023635555371 4.698959832179342
23.226345317503178 13.031738167930248
16.085561822582918 18.979744243050238
18.804086662261238 12.573281617891832
8.219768508075209 6.065500324997942
2.5954099297462783 23.46105415346369
6.483200945255324 5.73732548101841
6.499783082714755 6.786051946005253
1.301309045088439 23.015778296720185
16.40855933882191 23.739022044195853
8.361554877987261 9.969817121491422
15.662870086812783 9.16275888542693
4.7098364771717165 8.630914752334723
9.251837293453402 0.15335454163886708
1.3690553577020093 1.2987122586743838
23.28326183996068 2.548696767211883
15.561582152216303 12.510176082339353
10.413594622775324 4.306440418663876
14.254318541332525 0.19508890949252178
18.919258793982554 16.019346473191852
20.52763886355507 7.955922607631566
19.553206651336115 13.112455739187384
11.196006436023417 20.189103985415567
12.52139426492077 14.989685641170809
13.380006939219857 6.299157363693314
9.059813171085912 19.272484412487316
13.311174490588126 7.109790629659998
11.022237382203295 20.93078256939461
16.154183895053308 8.035420062395621
22.297660143495076 8.957371763783348
22.066480306037572 10.900951307699014
17.542909603145738 5.596149094621164
17.433573520879573 23.141470616653965
10.852331757203807 21.780871655966603
19.436371091263407 7.514732139466954
24.011671681904247 14.11850448275333
2.8847580538220536 14.1804479856032
9.706174896394382 9.55982716487026
24.04978030177732 15.340781756282471
0.35513306414980683 11.260413642195688
customer locations (C) and packages mass, in format (x,y,mass) 
5.3936140744407695 11.485796458833992 1.5510250501283245
14.362807120046616 17.89928997901522 0.8803714976835552
18.411046208269386 8.332783292533804 1.1917655942752432
17.87662957237642 3.245690046996472 1.2968747993168916
11.56863534159279 7.638667821269837 0.26694121740058885
6.551186564411929 19.076634797948124 2.034884570610902
1.6798499732821743 22.938966864495658 0.3536459457436063
21.648407832829175 21.397588237541022 1.7383018753140211
9.104130441781466 12.2606435521551 0.8143704642057921
15.492731439516486 14.752636143642988 0.3407608674097814
3.1681922535806537 3.2401489448208034 0.616721814942424
1.9607607137167582 8.567065875065637 0.02490616560155605
19.70703439346164 20.91339059271688 1.182499175940729
21.710871892185146 23.520378863573978 2.046996594072279
14.38031436871851 14.820212834015905 1.3805832861853216
15.295951537805577 12.722500248460896 0.6835282322155614
24.625915657448928 24.22182274792902 1.9358708894475147
1.8461125683226054 8.338234109285384 0.6741034566276533
5.530642786723275 6.799995890714386 0.15920548419450017
10.514082843892897 0.2813952649855317 1.1626155973489423
23.030188794540678 12.97039252770633 1.9649201613785474
2.76335200797134 2.6465258769462654 0.6454774108812373
15.100607429123947 6.784352982843089 2.241586403074861
0.6951448799794868 14.318319208078552 0.6625740176011794
0.65104407964022 7.3023609948897565 1.7845707381926488
