|V|=50 |C|=25
Truck speed 
5.0 
Drone speed 
10.0 
Location of Depot 
7.392318602377937 5.452127291939537
launch/retrieval locations (V), in format (x,y) 
21.843903526425006 8.2097327730875
15.63146058183408 1.1397701338406063
9.65169607859676 6.12352703025186
17.054662005016272 8.26066015330624
8.702115904979113 2.577371713430593
19.890903843406505 2.1859539090212987
15.982358385969825 7.142197077311943
2.6159863313067273 10.307705030624295
6.36128414850266 16.76333540489439
13.54924778325578 22.010944627997027
11.33344991418523 12.439716336136561
18.133393372665015 17.381340384037006
17.8723610925313 20.633643963405
21.090537051227994 8.794480064377272
15.202657653941456 20.753466845831063
23.12880177828299 8.872370512619609
17.17218349114275 23.55834649110963
23.459052326709827 19.076052649458784
20.835813992160716 7.0454706469709
10.768826804753523 11.142728641640273
23.614489061045916 4.480011034112061
19.430598069516186 3.4979380554484267
22.71330999281537 6.221479136754282
18.235454419309498 21.633669152815447
1.5608265400358672 20.797443611611165
24.651547658870324 21.121189000722815
4.220778684210286 1.2897666769278837
5.280809674215053 20.55882221888359
4.713470393631611 6.1344598555166385
14.071413977956935 7.580968694771051
11.225429907568238 6.981490158483633
19.240712292459865 10.068960082334154
17.41263651077127 23.447535128289722
24.69983880503848 14.500416171269903
2.1547057508207597 2.3205554141160962
6.740061079333034 7.786441440744599
23.082225879196425 16.662519228454606
16.364557430930983 5.474415283346507
6.730867034986623 0.037337166292308877
20.450124436786353 17.578178839313523
12.040544181505886 9.736802471407605
2.8860464893798063 13.917817089314871
2.268906978392721 13.960397725196389
20.37873307027795 14.430267911073999
1.2857729939641793 13.023872362165886
11.78305163586889 0.740031750673717
8.670133692555268 23.34556423616524
17.79870324260161 17.339117360669192
18.994673422615644 21.733913057819375
7.392318602377937 5.452127291939537
customer locations (C) and packages mass, in format (x,y,mass) 
14.963512585981714 11.01893271882901 1.0611271926156987
13.167579836122673 6.14551098733731 1.236067588813156
1.1097167310196694 13.564242152049019 1.5141681038955337
11.795849954049126 22.38114942876329 2.117838675190037
12.536796173058537 15.200581495344418 1.3848512361764052
22.161535615498 0.9988314723358899 1.3414360136550973
0.1861621096649918 2.9104700879701353 0.603805883484798
16.890384352921238 7.296896220923524 1.98242977449683
19.329618316179285 3.858537327809475 0.45055683995101725
22.79447084371993 3.4171265535936275 1.5139429642538962
20.79976910723902 6.888292543078444 0.15036578207023857
0.22201156053349713 3.9618795167752547 1.2962859040278332
3.334986390681591 4.703040426699415 0.6307757488157979
5.240920295960761 15.790226848905958 1.3047633204271682
3.532800106199485 0.5928754081314797 1.790512558062693
7.025561735640601 19.967313557635375 0.24179022466556183
17.62818868135644 20.777298032831528 0.20998418261056825
11.377500899823046 1.664818611080232 0.5537395384599144
1.598376039647928 13.383351846847228 0.8568432130018263
12.000668125570824 21.085406375252028 0.18656309826608478
17.99812446270317 17.870000316517014 0.9227780394395736
8.155057246125955 24.63661872907229 1.751538246257609
16.08226968495432 18.88363110048469 0.7572998945110795
1.619272918021658 1.38028976720867 0.6559939418285159
10.713449101792113 17.164990305316067 1.9880815542504058
